16 1814 {4: 1741, 3: 73}
{(1, 8), (8, 9), (9, 1)}
{(1, 8), (8, 9), (9, 2)}
{(1, 8), (8, 9), (9, 3)}
{(1, 8), (8, 9), (9, 4)}
{(1, 8), (8, 9), (9, 5)}
{(1, 8), (8, 9), (9, 6)}
{(1, 8), (8, 9), (9, 7)}
{(1, 8), (9, 9), (8, 2)}
{(1, 8), (9, 9), (8, 3)}
{(1, 8), (9, 9), (8, 4)}
{(1, 8), (9, 9), (8, 5)}
{(1, 8), (9, 9), (8, 6)}
{(1, 8), (9, 9), (8, 7)}
{(2, 8), (8, 9), (9, 2)}
{(2, 8), (8, 9), (9, 3)}
{(2, 8), (8, 9), (9, 4)}
{(2, 8), (8, 9), (9, 5)}
{(2, 8), (8, 9), (9, 6)}
{(2, 8), (8, 9), (9, 7)}
{(2, 8), (9, 9), (8, 3)}
{(2, 8), (9, 9), (8, 4)}
{(2, 8), (9, 9), (8, 5)}
{(2, 8), (9, 9), (8, 6)}
{(2, 8), (9, 9), (8, 7)}
{(3, 8), (8, 9), (9, 3)}
{(3, 8), (8, 9), (9, 4)}
{(3, 8), (8, 9), (9, 5)}
{(3, 8), (8, 9), (9, 6)}
{(3, 8), (8, 9), (9, 7)}
{(3, 8), (9, 9), (8, 4)}
{(3, 8), (9, 9), (8, 5)}
{(3, 8), (9, 9), (8, 6)}
{(3, 8), (9, 9), (8, 7)}
{(4, 8), (8, 9), (9, 4)}
{(4, 8), (8, 9), (9, 5)}
{(4, 8), (8, 9), (9, 6)}
{(4, 8), (8, 9), (9, 7)}
{(4, 8), (9, 9), (8, 5)}
{(4, 8), (9, 9), (8, 6)}
{(4, 8), (9, 9), (8, 7)}
{(5, 8), (8, 9), (9, 5)}
{(5, 8), (8, 9), (9, 6)}
{(5, 8), (8, 9), (9, 7)}
{(5, 8), (9, 9), (8, 6)}
{(5, 8), (9, 9), (8, 7)}
{(6, 8), (8, 9), (9, 6)}
{(6, 8), (8, 9), (9, 7)}
{(6, 8), (9, 9), (8, 7)}
{(1, 8), (8, 9), (9, 11)}
{(1, 8), (8, 9), (9, 12)}
{(1, 8), (8, 9), (9, 13)}
{(1, 8), (8, 9), (9, 14)}
{(1, 8), (8, 9), (9, 15)}
{(1, 8), (9, 9), (8, 11)}
{(1, 8), (9, 9), (8, 12)}
{(1, 8), (9, 9), (8, 13)}
{(1, 8), (9, 9), (8, 14)}
{(2, 8), (8, 9), (9, 11)}
{(2, 8), (8, 9), (9, 12)}
{(2, 8), (8, 9), (9, 13)}
{(2, 8), (8, 9), (9, 14)}
{(2, 8), (9, 9), (8, 11)}
{(2, 8), (9, 9), (8, 12)}
{(2, 8), (9, 9), (8, 13)}
{(3, 8), (8, 9), (9, 11)}
{(3, 8), (8, 9), (9, 12)}
{(3, 8), (8, 9), (9, 13)}
{(3, 8), (9, 9), (8, 11)}
{(3, 8), (9, 9), (8, 12)}
{(4, 8), (8, 9), (9, 11)}
{(4, 8), (8, 9), (9, 12)}
{(4, 8), (9, 9), (8, 11)}
{(5, 8), (8, 9), (9, 11)}
{(1, 8), (3, 9), (8, 2), (9, 4)}
{(1, 8), (3, 9), (8, 2), (9, 5)}
{(1, 8), (3, 9), (8, 2), (9, 6)}
{(1, 8), (3, 9), (8, 2), (9, 7)}
{(1, 8), (3, 9), (8, 3), (9, 1)}
{(1, 8), (3, 9), (8, 3), (9, 5)}
{(1, 8), (3, 9), (8, 3), (9, 6)}
{(1, 8), (3, 9), (8, 3), (9, 7)}
{(1, 8), (3, 9), (8, 5), (9, 1)}
{(1, 8), (3, 9), (8, 5), (9, 2)}
{(1, 8), (3, 9), (8, 5), (9, 7)}
{(1, 8), (3, 9), (8, 6), (9, 1)}
{(1, 8), (3, 9), (8, 6), (9, 2)}
{(1, 8), (3, 9), (8, 6), (9, 4)}
{(1, 8), (3, 9), (8, 7), (9, 1)}
{(1, 8), (3, 9), (8, 7), (9, 2)}
{(1, 8), (3, 9), (8, 7), (9, 4)}
{(1, 8), (3, 9), (8, 7), (9, 5)}
{(1, 8), (4, 9), (8, 2), (9, 5)}
{(1, 8), (4, 9), (8, 2), (9, 6)}
{(1, 8), (4, 9), (8, 2), (9, 7)}
{(1, 8), (4, 9), (8, 3), (9, 5)}
{(1, 8), (4, 9), (8, 3), (9, 6)}
{(1, 8), (4, 9), (8, 3), (9, 7)}
{(1, 8), (4, 9), (8, 4), (9, 1)}
{(1, 8), (4, 9), (8, 4), (9, 2)}
{(1, 8), (4, 9), (8, 4), (9, 6)}
{(1, 8), (4, 9), (8, 4), (9, 7)}
{(1, 8), (4, 9), (8, 6), (9, 1)}
{(1, 8), (4, 9), (8, 6), (9, 2)}
{(1, 8), (4, 9), (8, 6), (9, 3)}
{(1, 8), (4, 9), (8, 7), (9, 1)}
{(1, 8), (4, 9), (8, 7), (9, 2)}
{(1, 8), (4, 9), (8, 7), (9, 3)}
{(1, 8), (4, 9), (8, 7), (9, 5)}
{(1, 8), (5, 9), (8, 2), (9, 4)}
{(1, 8), (5, 9), (8, 2), (9, 6)}
{(1, 8), (5, 9), (8, 2), (9, 7)}
{(1, 8), (5, 9), (8, 3), (9, 6)}
{(1, 8), (5, 9), (8, 3), (9, 7)}
{(1, 8), (5, 9), (8, 4), (9, 2)}
{(1, 8), (5, 9), (8, 4), (9, 6)}
{(1, 8), (5, 9), (8, 4), (9, 7)}
{(1, 8), (5, 9), (8, 5), (9, 1)}
{(1, 8), (5, 9), (8, 5), (9, 2)}
{(1, 8), (5, 9), (8, 5), (9, 3)}
{(1, 8), (5, 9), (8, 5), (9, 7)}
{(1, 8), (5, 9), (8, 7), (9, 1)}
{(1, 8), (5, 9), (8, 7), (9, 2)}
{(1, 8), (5, 9), (8, 7), (9, 3)}
{(1, 8), (5, 9), (8, 7), (9, 4)}
{(1, 8), (6, 9), (8, 2), (9, 4)}
{(1, 8), (6, 9), (8, 2), (9, 5)}
{(1, 8), (6, 9), (8, 2), (9, 7)}
{(1, 8), (6, 9), (8, 3), (9, 5)}
{(1, 8), (6, 9), (8, 3), (9, 7)}
{(1, 8), (6, 9), (8, 4), (9, 2)}
{(1, 8), (6, 9), (8, 4), (9, 7)}
{(1, 8), (6, 9), (8, 5), (9, 2)}
{(1, 8), (6, 9), (8, 5), (9, 3)}
{(1, 8), (6, 9), (8, 5), (9, 7)}
{(1, 8), (6, 9), (8, 6), (9, 1)}
{(1, 8), (6, 9), (8, 6), (9, 2)}
{(1, 8), (6, 9), (8, 6), (9, 3)}
{(1, 8), (6, 9), (8, 6), (9, 4)}
{(1, 8), (7, 9), (8, 2), (9, 4)}
{(1, 8), (7, 9), (8, 2), (9, 5)}
{(1, 8), (7, 9), (8, 2), (9, 6)}
{(1, 8), (7, 9), (8, 3), (9, 5)}
{(1, 8), (7, 9), (8, 3), (9, 6)}
{(1, 8), (7, 9), (8, 4), (9, 2)}
{(1, 8), (7, 9), (8, 4), (9, 6)}
{(1, 8), (7, 9), (8, 5), (9, 2)}
{(1, 8), (7, 9), (8, 5), (9, 3)}
{(1, 8), (7, 9), (8, 6), (9, 2)}
{(1, 8), (7, 9), (8, 6), (9, 3)}
{(1, 8), (7, 9), (8, 6), (9, 4)}
{(1, 8), (7, 9), (8, 7), (9, 1)}
{(1, 8), (7, 9), (8, 7), (9, 2)}
{(1, 8), (7, 9), (8, 7), (9, 3)}
{(1, 8), (7, 9), (8, 7), (9, 4)}
{(1, 8), (7, 9), (8, 7), (9, 5)}
{(2, 8), (4, 9), (8, 3), (9, 5)}
{(2, 8), (4, 9), (8, 3), (9, 6)}
{(2, 8), (4, 9), (8, 3), (9, 7)}
{(2, 8), (4, 9), (8, 4), (9, 2)}
{(2, 8), (4, 9), (8, 4), (9, 6)}
{(2, 8), (4, 9), (8, 4), (9, 7)}
{(2, 8), (4, 9), (8, 6), (9, 2)}
{(2, 8), (4, 9), (8, 6), (9, 3)}
{(2, 8), (4, 9), (8, 7), (9, 2)}
{(2, 8), (4, 9), (8, 7), (9, 3)}
{(2, 8), (4, 9), (8, 7), (9, 5)}
{(2, 8), (5, 9), (8, 3), (9, 6)}
{(2, 8), (5, 9), (8, 3), (9, 7)}
{(2, 8), (5, 9), (8, 4), (9, 6)}
{(2, 8), (5, 9), (8, 4), (9, 7)}
{(2, 8), (5, 9), (8, 5), (9, 2)}
{(2, 8), (5, 9), (8, 5), (9, 3)}
{(2, 8), (5, 9), (8, 5), (9, 7)}
{(2, 8), (5, 9), (8, 7), (9, 2)}
{(2, 8), (5, 9), (8, 7), (9, 3)}
{(2, 8), (5, 9), (8, 7), (9, 4)}
{(2, 8), (6, 9), (8, 3), (9, 5)}
{(2, 8), (6, 9), (8, 3), (9, 7)}
{(2, 8), (6, 9), (8, 4), (9, 7)}
{(2, 8), (6, 9), (8, 5), (9, 3)}
{(2, 8), (6, 9), (8, 5), (9, 7)}
{(2, 8), (6, 9), (8, 6), (9, 2)}
{(2, 8), (6, 9), (8, 6), (9, 3)}
{(2, 8), (6, 9), (8, 6), (9, 4)}
{(2, 8), (7, 9), (8, 3), (9, 5)}
{(2, 8), (7, 9), (8, 3), (9, 6)}
{(2, 8), (7, 9), (8, 4), (9, 6)}
{(2, 8), (7, 9), (8, 5), (9, 3)}
{(2, 8), (7, 9), (8, 6), (9, 3)}
{(2, 8), (7, 9), (8, 6), (9, 4)}
{(2, 8), (7, 9), (8, 7), (9, 2)}
{(2, 8), (7, 9), (8, 7), (9, 3)}
{(2, 8), (7, 9), (8, 7), (9, 4)}
{(2, 8), (7, 9), (8, 7), (9, 5)}
{(3, 8), (5, 9), (8, 4), (9, 6)}
{(3, 8), (5, 9), (8, 4), (9, 7)}
{(3, 8), (5, 9), (8, 5), (9, 3)}
{(3, 8), (5, 9), (8, 5), (9, 7)}
{(3, 8), (5, 9), (8, 7), (9, 3)}
{(3, 8), (5, 9), (8, 7), (9, 4)}
{(3, 8), (6, 9), (8, 4), (9, 7)}
{(3, 8), (6, 9), (8, 5), (9, 7)}
{(3, 8), (6, 9), (8, 6), (9, 3)}
{(3, 8), (6, 9), (8, 6), (9, 4)}
{(3, 8), (7, 9), (8, 4), (9, 6)}
{(3, 8), (7, 9), (8, 6), (9, 4)}
{(3, 8), (7, 9), (8, 7), (9, 3)}
{(3, 8), (7, 9), (8, 7), (9, 4)}
{(3, 8), (7, 9), (8, 7), (9, 5)}
{(4, 8), (6, 9), (8, 5), (9, 7)}
{(4, 8), (6, 9), (8, 6), (9, 4)}
{(4, 8), (7, 9), (8, 7), (9, 4)}
{(4, 8), (7, 9), (8, 7), (9, 5)}
{(5, 8), (7, 9), (8, 7), (9, 5)}
{(1, 8), (10, 9), (8, 2), (9, 4)}
{(1, 8), (10, 9), (8, 2), (9, 5)}
{(1, 8), (10, 9), (8, 2), (9, 6)}
{(1, 8), (10, 9), (8, 2), (9, 7)}
{(1, 8), (10, 9), (8, 3), (9, 5)}
{(1, 8), (10, 9), (8, 3), (9, 6)}
{(1, 8), (10, 9), (8, 3), (9, 7)}
{(1, 8), (10, 9), (8, 4), (9, 2)}
{(1, 8), (10, 9), (8, 4), (9, 6)}
{(1, 8), (10, 9), (8, 4), (9, 7)}
{(1, 8), (10, 9), (8, 5), (9, 2)}
{(1, 8), (10, 9), (8, 5), (9, 3)}
{(1, 8), (10, 9), (8, 5), (9, 7)}
{(1, 8), (10, 9), (8, 6), (9, 2)}
{(1, 8), (10, 9), (8, 6), (9, 3)}
{(1, 8), (10, 9), (8, 6), (9, 4)}
{(1, 8), (11, 9), (8, 2), (9, 4)}
{(1, 8), (11, 9), (8, 2), (9, 5)}
{(1, 8), (11, 9), (8, 2), (9, 6)}
{(1, 8), (11, 9), (8, 3), (9, 5)}
{(1, 8), (11, 9), (8, 3), (9, 6)}
{(1, 8), (11, 9), (8, 4), (9, 2)}
{(1, 8), (11, 9), (8, 4), (9, 6)}
{(1, 8), (11, 9), (8, 5), (9, 2)}
{(1, 8), (11, 9), (8, 5), (9, 3)}
{(1, 8), (11, 9), (8, 7), (9, 2)}
{(1, 8), (11, 9), (8, 7), (9, 3)}
{(1, 8), (11, 9), (8, 7), (9, 4)}
{(1, 8), (11, 9), (8, 7), (9, 5)}
{(1, 8), (12, 9), (8, 2), (9, 4)}
{(1, 8), (12, 9), (8, 2), (9, 5)}
{(1, 8), (12, 9), (8, 2), (9, 7)}
{(1, 8), (12, 9), (8, 3), (9, 5)}
{(1, 8), (12, 9), (8, 3), (9, 7)}
{(1, 8), (12, 9), (8, 4), (9, 2)}
{(1, 8), (12, 9), (8, 4), (9, 7)}
{(1, 8), (12, 9), (8, 6), (9, 2)}
{(1, 8), (12, 9), (8, 6), (9, 3)}
{(1, 8), (12, 9), (8, 6), (9, 4)}
{(1, 8), (12, 9), (8, 7), (9, 2)}
{(1, 8), (12, 9), (8, 7), (9, 3)}
{(1, 8), (12, 9), (8, 7), (9, 4)}
{(1, 8), (12, 9), (8, 7), (9, 5)}
{(1, 8), (13, 9), (8, 2), (9, 4)}
{(1, 8), (13, 9), (8, 2), (9, 6)}
{(1, 8), (13, 9), (8, 2), (9, 7)}
{(1, 8), (13, 9), (8, 3), (9, 6)}
{(1, 8), (13, 9), (8, 3), (9, 7)}
{(1, 8), (13, 9), (8, 5), (9, 2)}
{(1, 8), (13, 9), (8, 5), (9, 3)}
{(1, 8), (13, 9), (8, 5), (9, 7)}
{(1, 8), (13, 9), (8, 6), (9, 2)}
{(1, 8), (13, 9), (8, 6), (9, 3)}
{(1, 8), (13, 9), (8, 6), (9, 4)}
{(1, 8), (13, 9), (8, 7), (9, 2)}
{(1, 8), (13, 9), (8, 7), (9, 3)}
{(1, 8), (13, 9), (8, 7), (9, 4)}
{(1, 8), (14, 9), (8, 2), (9, 5)}
{(1, 8), (14, 9), (8, 2), (9, 6)}
{(1, 8), (14, 9), (8, 2), (9, 7)}
{(1, 8), (14, 9), (8, 4), (9, 2)}
{(1, 8), (14, 9), (8, 4), (9, 6)}
{(1, 8), (14, 9), (8, 4), (9, 7)}
{(1, 8), (14, 9), (8, 5), (9, 2)}
{(1, 8), (14, 9), (8, 5), (9, 3)}
{(1, 8), (14, 9), (8, 5), (9, 7)}
{(1, 8), (14, 9), (8, 6), (9, 2)}
{(1, 8), (14, 9), (8, 6), (9, 3)}
{(1, 8), (14, 9), (8, 7), (9, 2)}
{(1, 8), (14, 9), (8, 7), (9, 3)}
{(1, 8), (14, 9), (8, 7), (9, 5)}
{(1, 8), (15, 9), (8, 3), (9, 5)}
{(1, 8), (15, 9), (8, 3), (9, 6)}
{(1, 8), (15, 9), (8, 3), (9, 7)}
{(1, 8), (15, 9), (8, 4), (9, 2)}
{(1, 8), (15, 9), (8, 4), (9, 6)}
{(1, 8), (15, 9), (8, 4), (9, 7)}
{(1, 8), (15, 9), (8, 5), (9, 2)}
{(1, 8), (15, 9), (8, 5), (9, 7)}
{(1, 8), (15, 9), (8, 6), (9, 2)}
{(1, 8), (15, 9), (8, 6), (9, 4)}
{(1, 8), (15, 9), (8, 7), (9, 2)}
{(1, 8), (15, 9), (8, 7), (9, 4)}
{(1, 8), (15, 9), (8, 7), (9, 5)}
{(1, 8), (16, 9), (8, 2), (9, 4)}
{(1, 8), (16, 9), (8, 2), (9, 5)}
{(1, 8), (16, 9), (8, 2), (9, 6)}
{(1, 8), (16, 9), (8, 2), (9, 7)}
{(1, 8), (16, 9), (8, 3), (9, 5)}
{(1, 8), (16, 9), (8, 3), (9, 6)}
{(1, 8), (16, 9), (8, 3), (9, 7)}
{(1, 8), (16, 9), (8, 4), (9, 6)}
{(1, 8), (16, 9), (8, 4), (9, 7)}
{(1, 8), (16, 9), (8, 5), (9, 3)}
{(1, 8), (16, 9), (8, 5), (9, 7)}
{(1, 8), (16, 9), (8, 6), (9, 3)}
{(1, 8), (16, 9), (8, 6), (9, 4)}
{(1, 8), (16, 9), (8, 7), (9, 3)}
{(1, 8), (16, 9), (8, 7), (9, 4)}
{(1, 8), (16, 9), (8, 7), (9, 5)}
{(1, 8), (3, 9), (8, 10), (9, 1)}
{(1, 8), (3, 9), (8, 10), (9, 2)}
{(1, 8), (3, 9), (8, 10), (9, 4)}
{(1, 8), (3, 9), (8, 10), (9, 5)}
{(1, 8), (3, 9), (8, 10), (9, 6)}
{(1, 8), (3, 9), (8, 10), (9, 7)}
{(1, 8), (3, 9), (8, 11), (9, 1)}
{(1, 8), (3, 9), (8, 11), (9, 2)}
{(1, 8), (3, 9), (8, 11), (9, 4)}
{(1, 8), (3, 9), (8, 11), (9, 5)}
{(1, 8), (3, 9), (8, 11), (9, 6)}
{(1, 8), (3, 9), (8, 11), (9, 7)}
{(1, 8), (3, 9), (8, 12), (9, 1)}
{(1, 8), (3, 9), (8, 12), (9, 2)}
{(1, 8), (3, 9), (8, 12), (9, 4)}
{(1, 8), (3, 9), (8, 12), (9, 5)}
{(1, 8), (3, 9), (8, 12), (9, 6)}
{(1, 8), (3, 9), (8, 12), (9, 7)}
{(1, 8), (3, 9), (8, 13), (9, 1)}
{(1, 8), (3, 9), (8, 13), (9, 2)}
{(1, 8), (3, 9), (8, 13), (9, 4)}
{(1, 8), (3, 9), (8, 13), (9, 5)}
{(1, 8), (3, 9), (8, 13), (9, 6)}
{(1, 8), (3, 9), (8, 13), (9, 7)}
{(1, 8), (3, 9), (8, 16), (9, 1)}
{(1, 8), (3, 9), (8, 16), (9, 2)}
{(1, 8), (3, 9), (8, 16), (9, 4)}
{(1, 8), (3, 9), (8, 16), (9, 5)}
{(1, 8), (3, 9), (8, 16), (9, 6)}
{(1, 8), (3, 9), (8, 16), (9, 7)}
{(1, 8), (3, 9), (8, 2), (9, 10)}
{(1, 8), (3, 9), (8, 2), (9, 11)}
{(1, 8), (3, 9), (8, 2), (9, 12)}
{(1, 8), (3, 9), (8, 2), (9, 13)}
{(1, 8), (3, 9), (8, 2), (9, 14)}
{(1, 8), (3, 9), (8, 3), (9, 10)}
{(1, 8), (3, 9), (8, 3), (9, 11)}
{(1, 8), (3, 9), (8, 3), (9, 12)}
{(1, 8), (3, 9), (8, 3), (9, 13)}
{(1, 8), (3, 9), (8, 3), (9, 14)}
{(1, 8), (3, 9), (8, 5), (9, 10)}
{(1, 8), (3, 9), (8, 5), (9, 11)}
{(1, 8), (3, 9), (8, 5), (9, 12)}
{(1, 8), (3, 9), (8, 5), (9, 13)}
{(1, 8), (3, 9), (8, 5), (9, 14)}
{(1, 8), (3, 9), (8, 6), (9, 10)}
{(1, 8), (3, 9), (8, 6), (9, 11)}
{(1, 8), (3, 9), (8, 6), (9, 12)}
{(1, 8), (3, 9), (8, 6), (9, 13)}
{(1, 8), (3, 9), (8, 6), (9, 14)}
{(1, 8), (3, 9), (8, 7), (9, 10)}
{(1, 8), (3, 9), (8, 7), (9, 11)}
{(1, 8), (3, 9), (8, 7), (9, 12)}
{(1, 8), (3, 9), (8, 7), (9, 13)}
{(1, 8), (3, 9), (8, 7), (9, 14)}
{(1, 8), (4, 9), (8, 10), (9, 1)}
{(1, 8), (4, 9), (8, 10), (9, 2)}
{(1, 8), (4, 9), (8, 10), (9, 3)}
{(1, 8), (4, 9), (8, 10), (9, 5)}
{(1, 8), (4, 9), (8, 10), (9, 6)}
{(1, 8), (4, 9), (8, 10), (9, 7)}
{(1, 8), (4, 9), (8, 11), (9, 1)}
{(1, 8), (4, 9), (8, 11), (9, 2)}
{(1, 8), (4, 9), (8, 11), (9, 3)}
{(1, 8), (4, 9), (8, 11), (9, 5)}
{(1, 8), (4, 9), (8, 11), (9, 6)}
{(1, 8), (4, 9), (8, 11), (9, 7)}
{(1, 8), (4, 9), (8, 12), (9, 1)}
{(1, 8), (4, 9), (8, 12), (9, 2)}
{(1, 8), (4, 9), (8, 12), (9, 3)}
{(1, 8), (4, 9), (8, 12), (9, 5)}
{(1, 8), (4, 9), (8, 12), (9, 6)}
{(1, 8), (4, 9), (8, 12), (9, 7)}
{(1, 8), (4, 9), (8, 14), (9, 1)}
{(1, 8), (4, 9), (8, 14), (9, 2)}
{(1, 8), (4, 9), (8, 14), (9, 3)}
{(1, 8), (4, 9), (8, 14), (9, 5)}
{(1, 8), (4, 9), (8, 14), (9, 6)}
{(1, 8), (4, 9), (8, 14), (9, 7)}
{(1, 8), (4, 9), (8, 16), (9, 1)}
{(1, 8), (4, 9), (8, 16), (9, 2)}
{(1, 8), (4, 9), (8, 16), (9, 3)}
{(1, 8), (4, 9), (8, 16), (9, 5)}
{(1, 8), (4, 9), (8, 16), (9, 6)}
{(1, 8), (4, 9), (8, 16), (9, 7)}
{(1, 8), (4, 9), (8, 2), (9, 10)}
{(1, 8), (4, 9), (8, 2), (9, 11)}
{(1, 8), (4, 9), (8, 2), (9, 12)}
{(1, 8), (4, 9), (8, 2), (9, 13)}
{(1, 8), (4, 9), (8, 2), (9, 15)}
{(1, 8), (4, 9), (8, 3), (9, 10)}
{(1, 8), (4, 9), (8, 3), (9, 11)}
{(1, 8), (4, 9), (8, 3), (9, 12)}
{(1, 8), (4, 9), (8, 3), (9, 13)}
{(1, 8), (4, 9), (8, 3), (9, 15)}
{(1, 8), (4, 9), (8, 4), (9, 10)}
{(1, 8), (4, 9), (8, 4), (9, 11)}
{(1, 8), (4, 9), (8, 4), (9, 12)}
{(1, 8), (4, 9), (8, 4), (9, 13)}
{(1, 8), (4, 9), (8, 4), (9, 15)}
{(1, 8), (4, 9), (8, 6), (9, 10)}
{(1, 8), (4, 9), (8, 6), (9, 11)}
{(1, 8), (4, 9), (8, 6), (9, 12)}
{(1, 8), (4, 9), (8, 6), (9, 13)}
{(1, 8), (4, 9), (8, 6), (9, 15)}
{(1, 8), (4, 9), (8, 7), (9, 10)}
{(1, 8), (4, 9), (8, 7), (9, 11)}
{(1, 8), (4, 9), (8, 7), (9, 12)}
{(1, 8), (4, 9), (8, 7), (9, 13)}
{(1, 8), (4, 9), (8, 7), (9, 15)}
{(1, 8), (5, 9), (8, 10), (9, 1)}
{(1, 8), (5, 9), (8, 10), (9, 2)}
{(1, 8), (5, 9), (8, 10), (9, 3)}
{(1, 8), (5, 9), (8, 10), (9, 4)}
{(1, 8), (5, 9), (8, 10), (9, 6)}
{(1, 8), (5, 9), (8, 10), (9, 7)}
{(1, 8), (5, 9), (8, 11), (9, 1)}
{(1, 8), (5, 9), (8, 11), (9, 2)}
{(1, 8), (5, 9), (8, 11), (9, 3)}
{(1, 8), (5, 9), (8, 11), (9, 4)}
{(1, 8), (5, 9), (8, 11), (9, 6)}
{(1, 8), (5, 9), (8, 11), (9, 7)}
{(1, 8), (5, 9), (8, 13), (9, 1)}
{(1, 8), (5, 9), (8, 13), (9, 2)}
{(1, 8), (5, 9), (8, 13), (9, 3)}
{(1, 8), (5, 9), (8, 13), (9, 4)}
{(1, 8), (5, 9), (8, 13), (9, 6)}
{(1, 8), (5, 9), (8, 13), (9, 7)}
{(1, 8), (5, 9), (8, 14), (9, 1)}
{(1, 8), (5, 9), (8, 14), (9, 2)}
{(1, 8), (5, 9), (8, 14), (9, 3)}
{(1, 8), (5, 9), (8, 14), (9, 4)}
{(1, 8), (5, 9), (8, 14), (9, 6)}
{(1, 8), (5, 9), (8, 14), (9, 7)}
{(1, 8), (5, 9), (8, 16), (9, 1)}
{(1, 8), (5, 9), (8, 16), (9, 2)}
{(1, 8), (5, 9), (8, 16), (9, 3)}
{(1, 8), (5, 9), (8, 16), (9, 4)}
{(1, 8), (5, 9), (8, 16), (9, 6)}
{(1, 8), (5, 9), (8, 16), (9, 7)}
{(1, 8), (5, 9), (8, 2), (9, 10)}
{(1, 8), (5, 9), (8, 2), (9, 11)}
{(1, 8), (5, 9), (8, 2), (9, 12)}
{(1, 8), (5, 9), (8, 2), (9, 14)}
{(1, 8), (5, 9), (8, 2), (9, 15)}
{(1, 8), (5, 9), (8, 3), (9, 10)}
{(1, 8), (5, 9), (8, 3), (9, 11)}
{(1, 8), (5, 9), (8, 3), (9, 12)}
{(1, 8), (5, 9), (8, 3), (9, 14)}
{(1, 8), (5, 9), (8, 3), (9, 15)}
{(1, 8), (5, 9), (8, 4), (9, 10)}
{(1, 8), (5, 9), (8, 4), (9, 11)}
{(1, 8), (5, 9), (8, 4), (9, 12)}
{(1, 8), (5, 9), (8, 4), (9, 14)}
{(1, 8), (5, 9), (8, 4), (9, 15)}
{(1, 8), (5, 9), (8, 5), (9, 10)}
{(1, 8), (5, 9), (8, 5), (9, 11)}
{(1, 8), (5, 9), (8, 5), (9, 12)}
{(1, 8), (5, 9), (8, 5), (9, 14)}
{(1, 8), (5, 9), (8, 5), (9, 15)}
{(1, 8), (5, 9), (8, 7), (9, 10)}
{(1, 8), (5, 9), (8, 7), (9, 11)}
{(1, 8), (5, 9), (8, 7), (9, 12)}
{(1, 8), (5, 9), (8, 7), (9, 14)}
{(1, 8), (5, 9), (8, 7), (9, 15)}
{(1, 8), (6, 9), (8, 10), (9, 1)}
{(1, 8), (6, 9), (8, 10), (9, 2)}
{(1, 8), (6, 9), (8, 10), (9, 3)}
{(1, 8), (6, 9), (8, 10), (9, 4)}
{(1, 8), (6, 9), (8, 10), (9, 5)}
{(1, 8), (6, 9), (8, 10), (9, 7)}
{(1, 8), (6, 9), (8, 12), (9, 1)}
{(1, 8), (6, 9), (8, 12), (9, 2)}
{(1, 8), (6, 9), (8, 12), (9, 3)}
{(1, 8), (6, 9), (8, 12), (9, 4)}
{(1, 8), (6, 9), (8, 12), (9, 5)}
{(1, 8), (6, 9), (8, 12), (9, 7)}
{(1, 8), (6, 9), (8, 13), (9, 1)}
{(1, 8), (6, 9), (8, 13), (9, 2)}
{(1, 8), (6, 9), (8, 13), (9, 3)}
{(1, 8), (6, 9), (8, 13), (9, 4)}
{(1, 8), (6, 9), (8, 13), (9, 5)}
{(1, 8), (6, 9), (8, 13), (9, 7)}
{(1, 8), (6, 9), (8, 14), (9, 1)}
{(1, 8), (6, 9), (8, 14), (9, 2)}
{(1, 8), (6, 9), (8, 14), (9, 3)}
{(1, 8), (6, 9), (8, 14), (9, 4)}
{(1, 8), (6, 9), (8, 14), (9, 5)}
{(1, 8), (6, 9), (8, 14), (9, 7)}
{(1, 8), (6, 9), (8, 16), (9, 1)}
{(1, 8), (6, 9), (8, 16), (9, 2)}
{(1, 8), (6, 9), (8, 16), (9, 3)}
{(1, 8), (6, 9), (8, 16), (9, 4)}
{(1, 8), (6, 9), (8, 16), (9, 5)}
{(1, 8), (6, 9), (8, 16), (9, 7)}
{(1, 8), (6, 9), (8, 2), (9, 10)}
{(1, 8), (6, 9), (8, 2), (9, 11)}
{(1, 8), (6, 9), (8, 2), (9, 13)}
{(1, 8), (6, 9), (8, 2), (9, 14)}
{(1, 8), (6, 9), (8, 2), (9, 15)}
{(1, 8), (6, 9), (8, 3), (9, 10)}
{(1, 8), (6, 9), (8, 3), (9, 11)}
{(1, 8), (6, 9), (8, 3), (9, 13)}
{(1, 8), (6, 9), (8, 3), (9, 14)}
{(1, 8), (6, 9), (8, 3), (9, 15)}
{(1, 8), (6, 9), (8, 4), (9, 10)}
{(1, 8), (6, 9), (8, 4), (9, 11)}
{(1, 8), (6, 9), (8, 4), (9, 13)}
{(1, 8), (6, 9), (8, 4), (9, 14)}
{(1, 8), (6, 9), (8, 4), (9, 15)}
{(1, 8), (6, 9), (8, 5), (9, 10)}
{(1, 8), (6, 9), (8, 5), (9, 11)}
{(1, 8), (6, 9), (8, 5), (9, 13)}
{(1, 8), (6, 9), (8, 5), (9, 14)}
{(1, 8), (6, 9), (8, 5), (9, 15)}
{(1, 8), (6, 9), (8, 6), (9, 10)}
{(1, 8), (6, 9), (8, 6), (9, 11)}
{(1, 8), (6, 9), (8, 6), (9, 13)}
{(1, 8), (6, 9), (8, 6), (9, 14)}
{(1, 8), (6, 9), (8, 6), (9, 15)}
{(1, 8), (7, 9), (8, 11), (9, 1)}
{(1, 8), (7, 9), (8, 11), (9, 2)}
{(1, 8), (7, 9), (8, 11), (9, 3)}
{(1, 8), (7, 9), (8, 11), (9, 4)}
{(1, 8), (7, 9), (8, 11), (9, 5)}
{(1, 8), (7, 9), (8, 11), (9, 6)}
{(1, 8), (7, 9), (8, 12), (9, 1)}
{(1, 8), (7, 9), (8, 12), (9, 2)}
{(1, 8), (7, 9), (8, 12), (9, 3)}
{(1, 8), (7, 9), (8, 12), (9, 4)}
{(1, 8), (7, 9), (8, 12), (9, 5)}
{(1, 8), (7, 9), (8, 12), (9, 6)}
{(1, 8), (7, 9), (8, 13), (9, 1)}
{(1, 8), (7, 9), (8, 13), (9, 2)}
{(1, 8), (7, 9), (8, 13), (9, 3)}
{(1, 8), (7, 9), (8, 13), (9, 4)}
{(1, 8), (7, 9), (8, 13), (9, 5)}
{(1, 8), (7, 9), (8, 13), (9, 6)}
{(1, 8), (7, 9), (8, 14), (9, 1)}
{(1, 8), (7, 9), (8, 14), (9, 2)}
{(1, 8), (7, 9), (8, 14), (9, 3)}
{(1, 8), (7, 9), (8, 14), (9, 4)}
{(1, 8), (7, 9), (8, 14), (9, 5)}
{(1, 8), (7, 9), (8, 14), (9, 6)}
{(1, 8), (7, 9), (8, 16), (9, 1)}
{(1, 8), (7, 9), (8, 16), (9, 2)}
{(1, 8), (7, 9), (8, 16), (9, 3)}
{(1, 8), (7, 9), (8, 16), (9, 4)}
{(1, 8), (7, 9), (8, 16), (9, 5)}
{(1, 8), (7, 9), (8, 16), (9, 6)}
{(1, 8), (7, 9), (8, 2), (9, 10)}
{(1, 8), (7, 9), (8, 2), (9, 12)}
{(1, 8), (7, 9), (8, 2), (9, 13)}
{(1, 8), (7, 9), (8, 2), (9, 14)}
{(1, 8), (7, 9), (8, 2), (9, 15)}
{(1, 8), (7, 9), (8, 3), (9, 10)}
{(1, 8), (7, 9), (8, 3), (9, 12)}
{(1, 8), (7, 9), (8, 3), (9, 13)}
{(1, 8), (7, 9), (8, 3), (9, 14)}
{(1, 8), (7, 9), (8, 3), (9, 15)}
{(1, 8), (7, 9), (8, 4), (9, 10)}
{(1, 8), (7, 9), (8, 4), (9, 12)}
{(1, 8), (7, 9), (8, 4), (9, 13)}
{(1, 8), (7, 9), (8, 4), (9, 14)}
{(1, 8), (7, 9), (8, 4), (9, 15)}
{(1, 8), (7, 9), (8, 5), (9, 10)}
{(1, 8), (7, 9), (8, 5), (9, 12)}
{(1, 8), (7, 9), (8, 5), (9, 13)}
{(1, 8), (7, 9), (8, 5), (9, 14)}
{(1, 8), (7, 9), (8, 5), (9, 15)}
{(1, 8), (7, 9), (8, 6), (9, 10)}
{(1, 8), (7, 9), (8, 6), (9, 12)}
{(1, 8), (7, 9), (8, 6), (9, 13)}
{(1, 8), (7, 9), (8, 6), (9, 14)}
{(1, 8), (7, 9), (8, 6), (9, 15)}
{(1, 8), (7, 9), (8, 7), (9, 10)}
{(1, 8), (7, 9), (8, 7), (9, 12)}
{(1, 8), (7, 9), (8, 7), (9, 13)}
{(1, 8), (7, 9), (8, 7), (9, 14)}
{(1, 8), (7, 9), (8, 7), (9, 15)}
{(2, 8), (10, 9), (8, 3), (9, 5)}
{(2, 8), (10, 9), (8, 3), (9, 6)}
{(2, 8), (10, 9), (8, 3), (9, 7)}
{(2, 8), (10, 9), (8, 4), (9, 6)}
{(2, 8), (10, 9), (8, 4), (9, 7)}
{(2, 8), (10, 9), (8, 5), (9, 3)}
{(2, 8), (10, 9), (8, 5), (9, 7)}
{(2, 8), (10, 9), (8, 6), (9, 3)}
{(2, 8), (10, 9), (8, 6), (9, 4)}
{(2, 8), (11, 9), (8, 3), (9, 5)}
{(2, 8), (11, 9), (8, 3), (9, 6)}
{(2, 8), (11, 9), (8, 4), (9, 6)}
{(2, 8), (11, 9), (8, 5), (9, 3)}
{(2, 8), (11, 9), (8, 7), (9, 3)}
{(2, 8), (11, 9), (8, 7), (9, 4)}
{(2, 8), (11, 9), (8, 7), (9, 5)}
{(2, 8), (12, 9), (8, 3), (9, 5)}
{(2, 8), (12, 9), (8, 3), (9, 7)}
{(2, 8), (12, 9), (8, 4), (9, 7)}
{(2, 8), (12, 9), (8, 6), (9, 3)}
{(2, 8), (12, 9), (8, 6), (9, 4)}
{(2, 8), (12, 9), (8, 7), (9, 3)}
{(2, 8), (12, 9), (8, 7), (9, 4)}
{(2, 8), (12, 9), (8, 7), (9, 5)}
{(2, 8), (13, 9), (8, 3), (9, 6)}
{(2, 8), (13, 9), (8, 3), (9, 7)}
{(2, 8), (13, 9), (8, 5), (9, 3)}
{(2, 8), (13, 9), (8, 5), (9, 7)}
{(2, 8), (13, 9), (8, 6), (9, 3)}
{(2, 8), (13, 9), (8, 6), (9, 4)}
{(2, 8), (13, 9), (8, 7), (9, 3)}
{(2, 8), (13, 9), (8, 7), (9, 4)}
{(2, 8), (14, 9), (8, 4), (9, 6)}
{(2, 8), (14, 9), (8, 4), (9, 7)}
{(2, 8), (14, 9), (8, 5), (9, 3)}
{(2, 8), (14, 9), (8, 5), (9, 7)}
{(2, 8), (14, 9), (8, 6), (9, 3)}
{(2, 8), (14, 9), (8, 7), (9, 3)}
{(2, 8), (14, 9), (8, 7), (9, 5)}
{(2, 8), (15, 9), (8, 3), (9, 5)}
{(2, 8), (15, 9), (8, 3), (9, 6)}
{(2, 8), (15, 9), (8, 3), (9, 7)}
{(2, 8), (15, 9), (8, 4), (9, 6)}
{(2, 8), (15, 9), (8, 4), (9, 7)}
{(2, 8), (15, 9), (8, 5), (9, 7)}
{(2, 8), (15, 9), (8, 6), (9, 4)}
{(2, 8), (15, 9), (8, 7), (9, 4)}
{(2, 8), (15, 9), (8, 7), (9, 5)}
{(2, 8), (4, 9), (8, 10), (9, 2)}
{(2, 8), (4, 9), (8, 10), (9, 3)}
{(2, 8), (4, 9), (8, 10), (9, 5)}
{(2, 8), (4, 9), (8, 10), (9, 6)}
{(2, 8), (4, 9), (8, 10), (9, 7)}
{(2, 8), (4, 9), (8, 11), (9, 2)}
{(2, 8), (4, 9), (8, 11), (9, 3)}
{(2, 8), (4, 9), (8, 11), (9, 5)}
{(2, 8), (4, 9), (8, 11), (9, 6)}
{(2, 8), (4, 9), (8, 11), (9, 7)}
{(2, 8), (4, 9), (8, 12), (9, 2)}
{(2, 8), (4, 9), (8, 12), (9, 3)}
{(2, 8), (4, 9), (8, 12), (9, 5)}
{(2, 8), (4, 9), (8, 12), (9, 6)}
{(2, 8), (4, 9), (8, 12), (9, 7)}
{(2, 8), (4, 9), (8, 15), (9, 2)}
{(2, 8), (4, 9), (8, 15), (9, 3)}
{(2, 8), (4, 9), (8, 15), (9, 5)}
{(2, 8), (4, 9), (8, 15), (9, 6)}
{(2, 8), (4, 9), (8, 15), (9, 7)}
{(2, 8), (4, 9), (8, 3), (9, 10)}
{(2, 8), (4, 9), (8, 3), (9, 11)}
{(2, 8), (4, 9), (8, 3), (9, 12)}
{(2, 8), (4, 9), (8, 3), (9, 13)}
{(2, 8), (4, 9), (8, 4), (9, 10)}
{(2, 8), (4, 9), (8, 4), (9, 11)}
{(2, 8), (4, 9), (8, 4), (9, 12)}
{(2, 8), (4, 9), (8, 4), (9, 13)}
{(2, 8), (4, 9), (8, 6), (9, 10)}
{(2, 8), (4, 9), (8, 6), (9, 11)}
{(2, 8), (4, 9), (8, 6), (9, 12)}
{(2, 8), (4, 9), (8, 6), (9, 13)}
{(2, 8), (4, 9), (8, 7), (9, 10)}
{(2, 8), (4, 9), (8, 7), (9, 11)}
{(2, 8), (4, 9), (8, 7), (9, 12)}
{(2, 8), (4, 9), (8, 7), (9, 13)}
{(2, 8), (5, 9), (8, 10), (9, 2)}
{(2, 8), (5, 9), (8, 10), (9, 3)}
{(2, 8), (5, 9), (8, 10), (9, 4)}
{(2, 8), (5, 9), (8, 10), (9, 6)}
{(2, 8), (5, 9), (8, 10), (9, 7)}
{(2, 8), (5, 9), (8, 11), (9, 2)}
{(2, 8), (5, 9), (8, 11), (9, 3)}
{(2, 8), (5, 9), (8, 11), (9, 4)}
{(2, 8), (5, 9), (8, 11), (9, 6)}
{(2, 8), (5, 9), (8, 11), (9, 7)}
{(2, 8), (5, 9), (8, 13), (9, 2)}
{(2, 8), (5, 9), (8, 13), (9, 3)}
{(2, 8), (5, 9), (8, 13), (9, 4)}
{(2, 8), (5, 9), (8, 13), (9, 6)}
{(2, 8), (5, 9), (8, 13), (9, 7)}
{(2, 8), (5, 9), (8, 15), (9, 2)}
{(2, 8), (5, 9), (8, 15), (9, 3)}
{(2, 8), (5, 9), (8, 15), (9, 4)}
{(2, 8), (5, 9), (8, 15), (9, 6)}
{(2, 8), (5, 9), (8, 15), (9, 7)}
{(2, 8), (5, 9), (8, 3), (9, 10)}
{(2, 8), (5, 9), (8, 3), (9, 11)}
{(2, 8), (5, 9), (8, 3), (9, 12)}
{(2, 8), (5, 9), (8, 3), (9, 14)}
{(2, 8), (5, 9), (8, 4), (9, 10)}
{(2, 8), (5, 9), (8, 4), (9, 11)}
{(2, 8), (5, 9), (8, 4), (9, 12)}
{(2, 8), (5, 9), (8, 4), (9, 14)}
{(2, 8), (5, 9), (8, 5), (9, 10)}
{(2, 8), (5, 9), (8, 5), (9, 11)}
{(2, 8), (5, 9), (8, 5), (9, 12)}
{(2, 8), (5, 9), (8, 5), (9, 14)}
{(2, 8), (5, 9), (8, 7), (9, 10)}
{(2, 8), (5, 9), (8, 7), (9, 11)}
{(2, 8), (5, 9), (8, 7), (9, 12)}
{(2, 8), (5, 9), (8, 7), (9, 14)}
{(2, 8), (6, 9), (8, 10), (9, 2)}
{(2, 8), (6, 9), (8, 10), (9, 3)}
{(2, 8), (6, 9), (8, 10), (9, 4)}
{(2, 8), (6, 9), (8, 10), (9, 5)}
{(2, 8), (6, 9), (8, 10), (9, 7)}
{(2, 8), (6, 9), (8, 12), (9, 2)}
{(2, 8), (6, 9), (8, 12), (9, 3)}
{(2, 8), (6, 9), (8, 12), (9, 4)}
{(2, 8), (6, 9), (8, 12), (9, 5)}
{(2, 8), (6, 9), (8, 12), (9, 7)}
{(2, 8), (6, 9), (8, 13), (9, 2)}
{(2, 8), (6, 9), (8, 13), (9, 3)}
{(2, 8), (6, 9), (8, 13), (9, 4)}
{(2, 8), (6, 9), (8, 13), (9, 5)}
{(2, 8), (6, 9), (8, 13), (9, 7)}
{(2, 8), (6, 9), (8, 15), (9, 2)}
{(2, 8), (6, 9), (8, 15), (9, 3)}
{(2, 8), (6, 9), (8, 15), (9, 4)}
{(2, 8), (6, 9), (8, 15), (9, 5)}
{(2, 8), (6, 9), (8, 15), (9, 7)}
{(2, 8), (6, 9), (8, 3), (9, 10)}
{(2, 8), (6, 9), (8, 3), (9, 11)}
{(2, 8), (6, 9), (8, 3), (9, 13)}
{(2, 8), (6, 9), (8, 3), (9, 14)}
{(2, 8), (6, 9), (8, 4), (9, 10)}
{(2, 8), (6, 9), (8, 4), (9, 11)}
{(2, 8), (6, 9), (8, 4), (9, 13)}
{(2, 8), (6, 9), (8, 4), (9, 14)}
{(2, 8), (6, 9), (8, 5), (9, 10)}
{(2, 8), (6, 9), (8, 5), (9, 11)}
{(2, 8), (6, 9), (8, 5), (9, 13)}
{(2, 8), (6, 9), (8, 5), (9, 14)}
{(2, 8), (6, 9), (8, 6), (9, 10)}
{(2, 8), (6, 9), (8, 6), (9, 11)}
{(2, 8), (6, 9), (8, 6), (9, 13)}
{(2, 8), (6, 9), (8, 6), (9, 14)}
{(2, 8), (7, 9), (8, 11), (9, 2)}
{(2, 8), (7, 9), (8, 11), (9, 3)}
{(2, 8), (7, 9), (8, 11), (9, 4)}
{(2, 8), (7, 9), (8, 11), (9, 5)}
{(2, 8), (7, 9), (8, 11), (9, 6)}
{(2, 8), (7, 9), (8, 12), (9, 2)}
{(2, 8), (7, 9), (8, 12), (9, 3)}
{(2, 8), (7, 9), (8, 12), (9, 4)}
{(2, 8), (7, 9), (8, 12), (9, 5)}
{(2, 8), (7, 9), (8, 12), (9, 6)}
{(2, 8), (7, 9), (8, 13), (9, 2)}
{(2, 8), (7, 9), (8, 13), (9, 3)}
{(2, 8), (7, 9), (8, 13), (9, 4)}
{(2, 8), (7, 9), (8, 13), (9, 5)}
{(2, 8), (7, 9), (8, 13), (9, 6)}
{(2, 8), (7, 9), (8, 15), (9, 2)}
{(2, 8), (7, 9), (8, 15), (9, 3)}
{(2, 8), (7, 9), (8, 15), (9, 4)}
{(2, 8), (7, 9), (8, 15), (9, 5)}
{(2, 8), (7, 9), (8, 15), (9, 6)}
{(2, 8), (7, 9), (8, 3), (9, 10)}
{(2, 8), (7, 9), (8, 3), (9, 12)}
{(2, 8), (7, 9), (8, 3), (9, 13)}
{(2, 8), (7, 9), (8, 3), (9, 14)}
{(2, 8), (7, 9), (8, 4), (9, 10)}
{(2, 8), (7, 9), (8, 4), (9, 12)}
{(2, 8), (7, 9), (8, 4), (9, 13)}
{(2, 8), (7, 9), (8, 4), (9, 14)}
{(2, 8), (7, 9), (8, 5), (9, 10)}
{(2, 8), (7, 9), (8, 5), (9, 12)}
{(2, 8), (7, 9), (8, 5), (9, 13)}
{(2, 8), (7, 9), (8, 5), (9, 14)}
{(2, 8), (7, 9), (8, 6), (9, 10)}
{(2, 8), (7, 9), (8, 6), (9, 12)}
{(2, 8), (7, 9), (8, 6), (9, 13)}
{(2, 8), (7, 9), (8, 6), (9, 14)}
{(2, 8), (7, 9), (8, 7), (9, 10)}
{(2, 8), (7, 9), (8, 7), (9, 12)}
{(2, 8), (7, 9), (8, 7), (9, 13)}
{(2, 8), (7, 9), (8, 7), (9, 14)}
{(3, 8), (10, 9), (8, 4), (9, 6)}
{(3, 8), (10, 9), (8, 4), (9, 7)}
{(3, 8), (10, 9), (8, 5), (9, 7)}
{(3, 8), (10, 9), (8, 6), (9, 4)}
{(3, 8), (11, 9), (8, 4), (9, 6)}
{(3, 8), (11, 9), (8, 7), (9, 4)}
{(3, 8), (11, 9), (8, 7), (9, 5)}
{(3, 8), (12, 9), (8, 4), (9, 7)}
{(3, 8), (12, 9), (8, 6), (9, 4)}
{(3, 8), (12, 9), (8, 7), (9, 4)}
{(3, 8), (12, 9), (8, 7), (9, 5)}
{(3, 8), (13, 9), (8, 5), (9, 7)}
{(3, 8), (13, 9), (8, 6), (9, 4)}
{(3, 8), (13, 9), (8, 7), (9, 4)}
{(3, 8), (14, 9), (8, 4), (9, 6)}
{(3, 8), (14, 9), (8, 4), (9, 7)}
{(3, 8), (14, 9), (8, 5), (9, 7)}
{(3, 8), (14, 9), (8, 7), (9, 5)}
{(3, 8), (5, 9), (8, 10), (9, 3)}
{(3, 8), (5, 9), (8, 10), (9, 4)}
{(3, 8), (5, 9), (8, 10), (9, 6)}
{(3, 8), (5, 9), (8, 10), (9, 7)}
{(3, 8), (5, 9), (8, 11), (9, 3)}
{(3, 8), (5, 9), (8, 11), (9, 4)}
{(3, 8), (5, 9), (8, 11), (9, 6)}
{(3, 8), (5, 9), (8, 11), (9, 7)}
{(3, 8), (5, 9), (8, 14), (9, 3)}
{(3, 8), (5, 9), (8, 14), (9, 4)}
{(3, 8), (5, 9), (8, 14), (9, 6)}
{(3, 8), (5, 9), (8, 14), (9, 7)}
{(3, 8), (5, 9), (8, 4), (9, 10)}
{(3, 8), (5, 9), (8, 4), (9, 11)}
{(3, 8), (5, 9), (8, 4), (9, 12)}
{(3, 8), (5, 9), (8, 5), (9, 10)}
{(3, 8), (5, 9), (8, 5), (9, 11)}
{(3, 8), (5, 9), (8, 5), (9, 12)}
{(3, 8), (5, 9), (8, 7), (9, 10)}
{(3, 8), (5, 9), (8, 7), (9, 11)}
{(3, 8), (5, 9), (8, 7), (9, 12)}
{(3, 8), (6, 9), (8, 10), (9, 3)}
{(3, 8), (6, 9), (8, 10), (9, 4)}
{(3, 8), (6, 9), (8, 10), (9, 5)}
{(3, 8), (6, 9), (8, 10), (9, 7)}
{(3, 8), (6, 9), (8, 12), (9, 3)}
{(3, 8), (6, 9), (8, 12), (9, 4)}
{(3, 8), (6, 9), (8, 12), (9, 5)}
{(3, 8), (6, 9), (8, 12), (9, 7)}
{(3, 8), (6, 9), (8, 14), (9, 3)}
{(3, 8), (6, 9), (8, 14), (9, 4)}
{(3, 8), (6, 9), (8, 14), (9, 5)}
{(3, 8), (6, 9), (8, 14), (9, 7)}
{(3, 8), (6, 9), (8, 4), (9, 10)}
{(3, 8), (6, 9), (8, 4), (9, 11)}
{(3, 8), (6, 9), (8, 4), (9, 13)}
{(3, 8), (6, 9), (8, 5), (9, 10)}
{(3, 8), (6, 9), (8, 5), (9, 11)}
{(3, 8), (6, 9), (8, 5), (9, 13)}
{(3, 8), (6, 9), (8, 6), (9, 10)}
{(3, 8), (6, 9), (8, 6), (9, 11)}
{(3, 8), (6, 9), (8, 6), (9, 13)}
{(3, 8), (7, 9), (8, 11), (9, 3)}
{(3, 8), (7, 9), (8, 11), (9, 4)}
{(3, 8), (7, 9), (8, 11), (9, 5)}
{(3, 8), (7, 9), (8, 11), (9, 6)}
{(3, 8), (7, 9), (8, 12), (9, 3)}
{(3, 8), (7, 9), (8, 12), (9, 4)}
{(3, 8), (7, 9), (8, 12), (9, 5)}
{(3, 8), (7, 9), (8, 12), (9, 6)}
{(3, 8), (7, 9), (8, 14), (9, 3)}
{(3, 8), (7, 9), (8, 14), (9, 4)}
{(3, 8), (7, 9), (8, 14), (9, 5)}
{(3, 8), (7, 9), (8, 14), (9, 6)}
{(3, 8), (7, 9), (8, 4), (9, 10)}
{(3, 8), (7, 9), (8, 4), (9, 12)}
{(3, 8), (7, 9), (8, 4), (9, 13)}
{(3, 8), (7, 9), (8, 5), (9, 10)}
{(3, 8), (7, 9), (8, 5), (9, 12)}
{(3, 8), (7, 9), (8, 5), (9, 13)}
{(3, 8), (7, 9), (8, 6), (9, 10)}
{(3, 8), (7, 9), (8, 6), (9, 12)}
{(3, 8), (7, 9), (8, 6), (9, 13)}
{(3, 8), (7, 9), (8, 7), (9, 10)}
{(3, 8), (7, 9), (8, 7), (9, 12)}
{(3, 8), (7, 9), (8, 7), (9, 13)}
{(4, 8), (10, 9), (8, 5), (9, 7)}
{(4, 8), (11, 9), (8, 7), (9, 5)}
{(4, 8), (12, 9), (8, 7), (9, 5)}
{(4, 8), (13, 9), (8, 5), (9, 7)}
{(4, 8), (6, 9), (8, 10), (9, 4)}
{(4, 8), (6, 9), (8, 10), (9, 5)}
{(4, 8), (6, 9), (8, 10), (9, 7)}
{(4, 8), (6, 9), (8, 13), (9, 4)}
{(4, 8), (6, 9), (8, 13), (9, 5)}
{(4, 8), (6, 9), (8, 13), (9, 7)}
{(4, 8), (6, 9), (8, 5), (9, 10)}
{(4, 8), (6, 9), (8, 5), (9, 11)}
{(4, 8), (6, 9), (8, 6), (9, 10)}
{(4, 8), (6, 9), (8, 6), (9, 11)}
{(4, 8), (7, 9), (8, 11), (9, 4)}
{(4, 8), (7, 9), (8, 11), (9, 5)}
{(4, 8), (7, 9), (8, 11), (9, 6)}
{(4, 8), (7, 9), (8, 13), (9, 4)}
{(4, 8), (7, 9), (8, 13), (9, 5)}
{(4, 8), (7, 9), (8, 13), (9, 6)}
{(4, 8), (7, 9), (8, 5), (9, 10)}
{(4, 8), (7, 9), (8, 5), (9, 12)}
{(4, 8), (7, 9), (8, 6), (9, 10)}
{(4, 8), (7, 9), (8, 6), (9, 12)}
{(4, 8), (7, 9), (8, 7), (9, 10)}
{(4, 8), (7, 9), (8, 7), (9, 12)}
{(5, 8), (7, 9), (8, 12), (9, 5)}
{(5, 8), (7, 9), (8, 12), (9, 6)}
{(5, 8), (7, 9), (8, 6), (9, 10)}
{(5, 8), (7, 9), (8, 7), (9, 10)}
{(1, 8), (10, 9), (8, 10), (9, 1)}
{(1, 8), (10, 9), (8, 10), (9, 2)}
{(1, 8), (10, 9), (8, 10), (9, 3)}
{(1, 8), (10, 9), (8, 10), (9, 4)}
{(1, 8), (10, 9), (8, 10), (9, 5)}
{(1, 8), (10, 9), (8, 10), (9, 6)}
{(1, 8), (10, 9), (8, 10), (9, 7)}
{(1, 8), (10, 9), (8, 12), (9, 1)}
{(1, 8), (10, 9), (8, 12), (9, 2)}
{(1, 8), (10, 9), (8, 12), (9, 3)}
{(1, 8), (10, 9), (8, 12), (9, 4)}
{(1, 8), (10, 9), (8, 12), (9, 5)}
{(1, 8), (10, 9), (8, 12), (9, 6)}
{(1, 8), (10, 9), (8, 12), (9, 7)}
{(1, 8), (10, 9), (8, 13), (9, 1)}
{(1, 8), (10, 9), (8, 13), (9, 2)}
{(1, 8), (10, 9), (8, 13), (9, 3)}
{(1, 8), (10, 9), (8, 13), (9, 4)}
{(1, 8), (10, 9), (8, 13), (9, 5)}
{(1, 8), (10, 9), (8, 13), (9, 6)}
{(1, 8), (10, 9), (8, 13), (9, 7)}
{(1, 8), (10, 9), (8, 14), (9, 1)}
{(1, 8), (10, 9), (8, 14), (9, 2)}
{(1, 8), (10, 9), (8, 14), (9, 3)}
{(1, 8), (10, 9), (8, 14), (9, 4)}
{(1, 8), (10, 9), (8, 14), (9, 5)}
{(1, 8), (10, 9), (8, 14), (9, 6)}
{(1, 8), (10, 9), (8, 14), (9, 7)}
{(1, 8), (10, 9), (8, 16), (9, 1)}
{(1, 8), (10, 9), (8, 16), (9, 2)}
{(1, 8), (10, 9), (8, 16), (9, 3)}
{(1, 8), (10, 9), (8, 16), (9, 4)}
{(1, 8), (10, 9), (8, 16), (9, 5)}
{(1, 8), (10, 9), (8, 16), (9, 6)}
{(1, 8), (10, 9), (8, 2), (9, 11)}
{(1, 8), (10, 9), (8, 2), (9, 12)}
{(1, 8), (10, 9), (8, 2), (9, 13)}
{(1, 8), (10, 9), (8, 2), (9, 14)}
{(1, 8), (10, 9), (8, 2), (9, 15)}
{(1, 8), (10, 9), (8, 3), (9, 11)}
{(1, 8), (10, 9), (8, 3), (9, 12)}
{(1, 8), (10, 9), (8, 3), (9, 13)}
{(1, 8), (10, 9), (8, 3), (9, 14)}
{(1, 8), (10, 9), (8, 3), (9, 15)}
{(1, 8), (10, 9), (8, 4), (9, 11)}
{(1, 8), (10, 9), (8, 4), (9, 12)}
{(1, 8), (10, 9), (8, 4), (9, 13)}
{(1, 8), (10, 9), (8, 4), (9, 14)}
{(1, 8), (10, 9), (8, 4), (9, 15)}
{(1, 8), (10, 9), (8, 5), (9, 11)}
{(1, 8), (10, 9), (8, 5), (9, 12)}
{(1, 8), (10, 9), (8, 5), (9, 13)}
{(1, 8), (10, 9), (8, 5), (9, 14)}
{(1, 8), (10, 9), (8, 5), (9, 15)}
{(1, 8), (10, 9), (8, 6), (9, 11)}
{(1, 8), (10, 9), (8, 6), (9, 12)}
{(1, 8), (10, 9), (8, 6), (9, 13)}
{(1, 8), (10, 9), (8, 6), (9, 14)}
{(1, 8), (10, 9), (8, 6), (9, 15)}
{(1, 8), (11, 9), (8, 10), (9, 2)}
{(1, 8), (11, 9), (8, 10), (9, 3)}
{(1, 8), (11, 9), (8, 10), (9, 4)}
{(1, 8), (11, 9), (8, 10), (9, 5)}
{(1, 8), (11, 9), (8, 10), (9, 6)}
{(1, 8), (11, 9), (8, 11), (9, 1)}
{(1, 8), (11, 9), (8, 11), (9, 2)}
{(1, 8), (11, 9), (8, 11), (9, 3)}
{(1, 8), (11, 9), (8, 11), (9, 4)}
{(1, 8), (11, 9), (8, 11), (9, 5)}
{(1, 8), (11, 9), (8, 11), (9, 6)}
{(1, 8), (11, 9), (8, 13), (9, 1)}
{(1, 8), (11, 9), (8, 13), (9, 2)}
{(1, 8), (11, 9), (8, 13), (9, 3)}
{(1, 8), (11, 9), (8, 13), (9, 4)}
{(1, 8), (11, 9), (8, 13), (9, 5)}
{(1, 8), (11, 9), (8, 13), (9, 6)}
{(1, 8), (11, 9), (8, 14), (9, 1)}
{(1, 8), (11, 9), (8, 14), (9, 2)}
{(1, 8), (11, 9), (8, 14), (9, 3)}
{(1, 8), (11, 9), (8, 14), (9, 4)}
{(1, 8), (11, 9), (8, 14), (9, 5)}
{(1, 8), (11, 9), (8, 14), (9, 6)}
{(1, 8), (11, 9), (8, 16), (9, 1)}
{(1, 8), (11, 9), (8, 16), (9, 2)}
{(1, 8), (11, 9), (8, 16), (9, 3)}
{(1, 8), (11, 9), (8, 16), (9, 4)}
{(1, 8), (11, 9), (8, 16), (9, 5)}
{(1, 8), (11, 9), (8, 2), (9, 10)}
{(1, 8), (11, 9), (8, 2), (9, 12)}
{(1, 8), (11, 9), (8, 2), (9, 13)}
{(1, 8), (11, 9), (8, 2), (9, 14)}
{(1, 8), (11, 9), (8, 2), (9, 15)}
{(1, 8), (11, 9), (8, 3), (9, 10)}
{(1, 8), (11, 9), (8, 3), (9, 12)}
{(1, 8), (11, 9), (8, 3), (9, 13)}
{(1, 8), (11, 9), (8, 3), (9, 14)}
{(1, 8), (11, 9), (8, 3), (9, 15)}
{(1, 8), (11, 9), (8, 4), (9, 10)}
{(1, 8), (11, 9), (8, 4), (9, 12)}
{(1, 8), (11, 9), (8, 4), (9, 13)}
{(1, 8), (11, 9), (8, 4), (9, 14)}
{(1, 8), (11, 9), (8, 4), (9, 15)}
{(1, 8), (11, 9), (8, 5), (9, 10)}
{(1, 8), (11, 9), (8, 5), (9, 12)}
{(1, 8), (11, 9), (8, 5), (9, 13)}
{(1, 8), (11, 9), (8, 5), (9, 14)}
{(1, 8), (11, 9), (8, 5), (9, 15)}
{(1, 8), (11, 9), (8, 7), (9, 10)}
{(1, 8), (11, 9), (8, 7), (9, 12)}
{(1, 8), (11, 9), (8, 7), (9, 13)}
{(1, 8), (11, 9), (8, 7), (9, 14)}
{(1, 8), (11, 9), (8, 7), (9, 15)}
{(1, 8), (12, 9), (8, 10), (9, 2)}
{(1, 8), (12, 9), (8, 10), (9, 3)}
{(1, 8), (12, 9), (8, 10), (9, 4)}
{(1, 8), (12, 9), (8, 10), (9, 5)}
{(1, 8), (12, 9), (8, 10), (9, 7)}
{(1, 8), (12, 9), (8, 11), (9, 2)}
{(1, 8), (12, 9), (8, 11), (9, 3)}
{(1, 8), (12, 9), (8, 11), (9, 4)}
{(1, 8), (12, 9), (8, 11), (9, 5)}
{(1, 8), (12, 9), (8, 11), (9, 7)}
{(1, 8), (12, 9), (8, 12), (9, 1)}
{(1, 8), (12, 9), (8, 12), (9, 2)}
{(1, 8), (12, 9), (8, 12), (9, 3)}
{(1, 8), (12, 9), (8, 12), (9, 4)}
{(1, 8), (12, 9), (8, 12), (9, 5)}
{(1, 8), (12, 9), (8, 12), (9, 7)}
{(1, 8), (12, 9), (8, 14), (9, 1)}
{(1, 8), (12, 9), (8, 14), (9, 2)}
{(1, 8), (12, 9), (8, 14), (9, 3)}
{(1, 8), (12, 9), (8, 14), (9, 4)}
{(1, 8), (12, 9), (8, 14), (9, 5)}
{(1, 8), (12, 9), (8, 14), (9, 7)}
{(1, 8), (12, 9), (8, 16), (9, 1)}
{(1, 8), (12, 9), (8, 16), (9, 2)}
{(1, 8), (12, 9), (8, 16), (9, 3)}
{(1, 8), (12, 9), (8, 16), (9, 4)}
{(1, 8), (12, 9), (8, 2), (9, 10)}
{(1, 8), (12, 9), (8, 2), (9, 11)}
{(1, 8), (12, 9), (8, 2), (9, 13)}
{(1, 8), (12, 9), (8, 2), (9, 14)}
{(1, 8), (12, 9), (8, 2), (9, 15)}
{(1, 8), (12, 9), (8, 3), (9, 10)}
{(1, 8), (12, 9), (8, 3), (9, 11)}
{(1, 8), (12, 9), (8, 3), (9, 13)}
{(1, 8), (12, 9), (8, 3), (9, 14)}
{(1, 8), (12, 9), (8, 3), (9, 15)}
{(1, 8), (12, 9), (8, 4), (9, 10)}
{(1, 8), (12, 9), (8, 4), (9, 11)}
{(1, 8), (12, 9), (8, 4), (9, 13)}
{(1, 8), (12, 9), (8, 4), (9, 14)}
{(1, 8), (12, 9), (8, 4), (9, 15)}
{(1, 8), (12, 9), (8, 6), (9, 10)}
{(1, 8), (12, 9), (8, 6), (9, 11)}
{(1, 8), (12, 9), (8, 6), (9, 13)}
{(1, 8), (12, 9), (8, 6), (9, 14)}
{(1, 8), (12, 9), (8, 6), (9, 15)}
{(1, 8), (12, 9), (8, 7), (9, 10)}
{(1, 8), (12, 9), (8, 7), (9, 11)}
{(1, 8), (12, 9), (8, 7), (9, 13)}
{(1, 8), (12, 9), (8, 7), (9, 14)}
{(1, 8), (12, 9), (8, 7), (9, 15)}
{(1, 8), (13, 9), (8, 10), (9, 2)}
{(1, 8), (13, 9), (8, 10), (9, 3)}
{(1, 8), (13, 9), (8, 10), (9, 4)}
{(1, 8), (13, 9), (8, 10), (9, 6)}
{(1, 8), (13, 9), (8, 10), (9, 7)}
{(1, 8), (13, 9), (8, 11), (9, 2)}
{(1, 8), (13, 9), (8, 11), (9, 3)}
{(1, 8), (13, 9), (8, 11), (9, 4)}
{(1, 8), (13, 9), (8, 11), (9, 6)}
{(1, 8), (13, 9), (8, 11), (9, 7)}
{(1, 8), (13, 9), (8, 12), (9, 2)}
{(1, 8), (13, 9), (8, 12), (9, 3)}
{(1, 8), (13, 9), (8, 12), (9, 4)}
{(1, 8), (13, 9), (8, 12), (9, 6)}
{(1, 8), (13, 9), (8, 12), (9, 7)}
{(1, 8), (13, 9), (8, 13), (9, 1)}
{(1, 8), (13, 9), (8, 13), (9, 2)}
{(1, 8), (13, 9), (8, 13), (9, 3)}
{(1, 8), (13, 9), (8, 13), (9, 4)}
{(1, 8), (13, 9), (8, 13), (9, 6)}
{(1, 8), (13, 9), (8, 13), (9, 7)}
{(1, 8), (13, 9), (8, 16), (9, 1)}
{(1, 8), (13, 9), (8, 16), (9, 2)}
{(1, 8), (13, 9), (8, 16), (9, 3)}
{(1, 8), (13, 9), (8, 2), (9, 10)}
{(1, 8), (13, 9), (8, 2), (9, 11)}
{(1, 8), (13, 9), (8, 2), (9, 12)}
{(1, 8), (13, 9), (8, 2), (9, 14)}
{(1, 8), (13, 9), (8, 2), (9, 15)}
{(1, 8), (13, 9), (8, 3), (9, 10)}
{(1, 8), (13, 9), (8, 3), (9, 11)}
{(1, 8), (13, 9), (8, 3), (9, 12)}
{(1, 8), (13, 9), (8, 3), (9, 14)}
{(1, 8), (13, 9), (8, 3), (9, 15)}
{(1, 8), (13, 9), (8, 5), (9, 10)}
{(1, 8), (13, 9), (8, 5), (9, 11)}
{(1, 8), (13, 9), (8, 5), (9, 12)}
{(1, 8), (13, 9), (8, 5), (9, 14)}
{(1, 8), (13, 9), (8, 5), (9, 15)}
{(1, 8), (13, 9), (8, 6), (9, 10)}
{(1, 8), (13, 9), (8, 6), (9, 11)}
{(1, 8), (13, 9), (8, 6), (9, 12)}
{(1, 8), (13, 9), (8, 6), (9, 14)}
{(1, 8), (13, 9), (8, 6), (9, 15)}
{(1, 8), (13, 9), (8, 7), (9, 10)}
{(1, 8), (13, 9), (8, 7), (9, 11)}
{(1, 8), (13, 9), (8, 7), (9, 12)}
{(1, 8), (13, 9), (8, 7), (9, 14)}
{(1, 8), (13, 9), (8, 7), (9, 15)}
{(1, 8), (14, 9), (8, 10), (9, 2)}
{(1, 8), (14, 9), (8, 10), (9, 3)}
{(1, 8), (14, 9), (8, 10), (9, 5)}
{(1, 8), (14, 9), (8, 10), (9, 6)}
{(1, 8), (14, 9), (8, 10), (9, 7)}
{(1, 8), (14, 9), (8, 11), (9, 2)}
{(1, 8), (14, 9), (8, 11), (9, 3)}
{(1, 8), (14, 9), (8, 11), (9, 5)}
{(1, 8), (14, 9), (8, 11), (9, 6)}
{(1, 8), (14, 9), (8, 11), (9, 7)}
{(1, 8), (14, 9), (8, 12), (9, 2)}
{(1, 8), (14, 9), (8, 12), (9, 3)}
{(1, 8), (14, 9), (8, 12), (9, 5)}
{(1, 8), (14, 9), (8, 12), (9, 6)}
{(1, 8), (14, 9), (8, 12), (9, 7)}
{(1, 8), (14, 9), (8, 13), (9, 2)}
{(1, 8), (14, 9), (8, 13), (9, 3)}
{(1, 8), (14, 9), (8, 13), (9, 5)}
{(1, 8), (14, 9), (8, 13), (9, 6)}
{(1, 8), (14, 9), (8, 13), (9, 7)}
{(1, 8), (14, 9), (8, 14), (9, 1)}
{(1, 8), (14, 9), (8, 14), (9, 2)}
{(1, 8), (14, 9), (8, 14), (9, 3)}
{(1, 8), (14, 9), (8, 14), (9, 5)}
{(1, 8), (14, 9), (8, 14), (9, 6)}
{(1, 8), (14, 9), (8, 14), (9, 7)}
{(1, 8), (14, 9), (8, 16), (9, 1)}
{(1, 8), (14, 9), (8, 16), (9, 2)}
{(1, 8), (14, 9), (8, 2), (9, 10)}
{(1, 8), (14, 9), (8, 2), (9, 11)}
{(1, 8), (14, 9), (8, 2), (9, 12)}
{(1, 8), (14, 9), (8, 2), (9, 13)}
{(1, 8), (14, 9), (8, 2), (9, 15)}
{(1, 8), (14, 9), (8, 4), (9, 10)}
{(1, 8), (14, 9), (8, 4), (9, 11)}
{(1, 8), (14, 9), (8, 4), (9, 12)}
{(1, 8), (14, 9), (8, 4), (9, 13)}
{(1, 8), (14, 9), (8, 4), (9, 15)}
{(1, 8), (14, 9), (8, 5), (9, 10)}
{(1, 8), (14, 9), (8, 5), (9, 11)}
{(1, 8), (14, 9), (8, 5), (9, 12)}
{(1, 8), (14, 9), (8, 5), (9, 13)}
{(1, 8), (14, 9), (8, 5), (9, 15)}
{(1, 8), (14, 9), (8, 6), (9, 10)}
{(1, 8), (14, 9), (8, 6), (9, 11)}
{(1, 8), (14, 9), (8, 6), (9, 12)}
{(1, 8), (14, 9), (8, 6), (9, 13)}
{(1, 8), (14, 9), (8, 6), (9, 15)}
{(1, 8), (14, 9), (8, 7), (9, 10)}
{(1, 8), (14, 9), (8, 7), (9, 11)}
{(1, 8), (14, 9), (8, 7), (9, 12)}
{(1, 8), (14, 9), (8, 7), (9, 13)}
{(1, 8), (14, 9), (8, 7), (9, 15)}
{(1, 8), (15, 9), (8, 10), (9, 2)}
{(1, 8), (15, 9), (8, 10), (9, 4)}
{(1, 8), (15, 9), (8, 10), (9, 5)}
{(1, 8), (15, 9), (8, 10), (9, 6)}
{(1, 8), (15, 9), (8, 10), (9, 7)}
{(1, 8), (15, 9), (8, 11), (9, 2)}
{(1, 8), (15, 9), (8, 11), (9, 4)}
{(1, 8), (15, 9), (8, 11), (9, 5)}
{(1, 8), (15, 9), (8, 11), (9, 6)}
{(1, 8), (15, 9), (8, 11), (9, 7)}
{(1, 8), (15, 9), (8, 12), (9, 2)}
{(1, 8), (15, 9), (8, 12), (9, 4)}
{(1, 8), (15, 9), (8, 12), (9, 5)}
{(1, 8), (15, 9), (8, 12), (9, 6)}
{(1, 8), (15, 9), (8, 12), (9, 7)}
{(1, 8), (15, 9), (8, 13), (9, 2)}
{(1, 8), (15, 9), (8, 13), (9, 4)}
{(1, 8), (15, 9), (8, 13), (9, 5)}
{(1, 8), (15, 9), (8, 13), (9, 6)}
{(1, 8), (15, 9), (8, 13), (9, 7)}
{(1, 8), (15, 9), (8, 14), (9, 2)}
{(1, 8), (15, 9), (8, 14), (9, 4)}
{(1, 8), (15, 9), (8, 14), (9, 5)}
{(1, 8), (15, 9), (8, 14), (9, 6)}
{(1, 8), (15, 9), (8, 14), (9, 7)}
{(1, 8), (15, 9), (8, 3), (9, 10)}
{(1, 8), (15, 9), (8, 3), (9, 11)}
{(1, 8), (15, 9), (8, 3), (9, 12)}
{(1, 8), (15, 9), (8, 3), (9, 13)}
{(1, 8), (15, 9), (8, 3), (9, 14)}
{(1, 8), (15, 9), (8, 4), (9, 10)}
{(1, 8), (15, 9), (8, 4), (9, 11)}
{(1, 8), (15, 9), (8, 4), (9, 12)}
{(1, 8), (15, 9), (8, 4), (9, 13)}
{(1, 8), (15, 9), (8, 4), (9, 14)}
{(1, 8), (15, 9), (8, 5), (9, 10)}
{(1, 8), (15, 9), (8, 5), (9, 11)}
{(1, 8), (15, 9), (8, 5), (9, 12)}
{(1, 8), (15, 9), (8, 5), (9, 13)}
{(1, 8), (15, 9), (8, 5), (9, 14)}
{(1, 8), (15, 9), (8, 6), (9, 10)}
{(1, 8), (15, 9), (8, 6), (9, 11)}
{(1, 8), (15, 9), (8, 6), (9, 12)}
{(1, 8), (15, 9), (8, 6), (9, 13)}
{(1, 8), (15, 9), (8, 6), (9, 14)}
{(1, 8), (15, 9), (8, 7), (9, 10)}
{(1, 8), (15, 9), (8, 7), (9, 11)}
{(1, 8), (15, 9), (8, 7), (9, 12)}
{(1, 8), (15, 9), (8, 7), (9, 13)}
{(1, 8), (15, 9), (8, 7), (9, 14)}
{(1, 8), (16, 9), (8, 10), (9, 3)}
{(1, 8), (16, 9), (8, 10), (9, 4)}
{(1, 8), (16, 9), (8, 10), (9, 5)}
{(1, 8), (16, 9), (8, 10), (9, 6)}
{(1, 8), (16, 9), (8, 10), (9, 7)}
{(1, 8), (16, 9), (8, 11), (9, 3)}
{(1, 8), (16, 9), (8, 11), (9, 4)}
{(1, 8), (16, 9), (8, 11), (9, 5)}
{(1, 8), (16, 9), (8, 11), (9, 6)}
{(1, 8), (16, 9), (8, 12), (9, 3)}
{(1, 8), (16, 9), (8, 12), (9, 4)}
{(1, 8), (16, 9), (8, 12), (9, 5)}
{(1, 8), (16, 9), (8, 13), (9, 3)}
{(1, 8), (16, 9), (8, 13), (9, 4)}
{(1, 8), (16, 9), (8, 14), (9, 3)}
{(1, 8), (16, 9), (8, 16), (9, 1)}
{(1, 8), (16, 9), (8, 2), (9, 10)}
{(1, 8), (16, 9), (8, 2), (9, 11)}
{(1, 8), (16, 9), (8, 2), (9, 12)}
{(1, 8), (16, 9), (8, 2), (9, 13)}
{(1, 8), (16, 9), (8, 2), (9, 14)}
{(1, 8), (16, 9), (8, 2), (9, 15)}
{(1, 8), (16, 9), (8, 3), (9, 10)}
{(1, 8), (16, 9), (8, 3), (9, 11)}
{(1, 8), (16, 9), (8, 3), (9, 12)}
{(1, 8), (16, 9), (8, 3), (9, 13)}
{(1, 8), (16, 9), (8, 3), (9, 14)}
{(1, 8), (16, 9), (8, 4), (9, 10)}
{(1, 8), (16, 9), (8, 4), (9, 11)}
{(1, 8), (16, 9), (8, 4), (9, 12)}
{(1, 8), (16, 9), (8, 4), (9, 13)}
{(1, 8), (16, 9), (8, 5), (9, 10)}
{(1, 8), (16, 9), (8, 5), (9, 11)}
{(1, 8), (16, 9), (8, 5), (9, 12)}
{(1, 8), (16, 9), (8, 6), (9, 10)}
{(1, 8), (16, 9), (8, 6), (9, 11)}
{(1, 8), (16, 9), (8, 7), (9, 10)}
{(1, 8), (3, 9), (8, 10), (9, 12)}
{(1, 8), (3, 9), (8, 10), (9, 13)}
{(1, 8), (3, 9), (8, 10), (9, 14)}
{(1, 8), (3, 9), (8, 11), (9, 13)}
{(1, 8), (3, 9), (8, 11), (9, 14)}
{(1, 8), (3, 9), (8, 12), (9, 10)}
{(1, 8), (3, 9), (8, 12), (9, 14)}
{(1, 8), (3, 9), (8, 13), (9, 10)}
{(1, 8), (3, 9), (8, 13), (9, 11)}
{(1, 8), (3, 9), (8, 16), (9, 10)}
{(1, 8), (3, 9), (8, 16), (9, 11)}
{(1, 8), (3, 9), (8, 16), (9, 12)}
{(1, 8), (3, 9), (8, 16), (9, 13)}
{(1, 8), (4, 9), (8, 10), (9, 12)}
{(1, 8), (4, 9), (8, 10), (9, 13)}
{(1, 8), (4, 9), (8, 10), (9, 15)}
{(1, 8), (4, 9), (8, 11), (9, 13)}
{(1, 8), (4, 9), (8, 11), (9, 15)}
{(1, 8), (4, 9), (8, 12), (9, 10)}
{(1, 8), (4, 9), (8, 12), (9, 15)}
{(1, 8), (4, 9), (8, 14), (9, 10)}
{(1, 8), (4, 9), (8, 14), (9, 11)}
{(1, 8), (4, 9), (8, 14), (9, 12)}
{(1, 8), (4, 9), (8, 16), (9, 10)}
{(1, 8), (4, 9), (8, 16), (9, 11)}
{(1, 8), (4, 9), (8, 16), (9, 12)}
{(1, 8), (5, 9), (8, 10), (9, 12)}
{(1, 8), (5, 9), (8, 10), (9, 14)}
{(1, 8), (5, 9), (8, 10), (9, 15)}
{(1, 8), (5, 9), (8, 11), (9, 14)}
{(1, 8), (5, 9), (8, 11), (9, 15)}
{(1, 8), (5, 9), (8, 13), (9, 10)}
{(1, 8), (5, 9), (8, 13), (9, 11)}
{(1, 8), (5, 9), (8, 13), (9, 15)}
{(1, 8), (5, 9), (8, 14), (9, 10)}
{(1, 8), (5, 9), (8, 14), (9, 11)}
{(1, 8), (5, 9), (8, 14), (9, 12)}
{(1, 8), (5, 9), (8, 16), (9, 10)}
{(1, 8), (5, 9), (8, 16), (9, 11)}
{(1, 8), (6, 9), (8, 10), (9, 13)}
{(1, 8), (6, 9), (8, 10), (9, 14)}
{(1, 8), (6, 9), (8, 10), (9, 15)}
{(1, 8), (6, 9), (8, 12), (9, 10)}
{(1, 8), (6, 9), (8, 12), (9, 14)}
{(1, 8), (6, 9), (8, 12), (9, 15)}
{(1, 8), (6, 9), (8, 13), (9, 10)}
{(1, 8), (6, 9), (8, 13), (9, 11)}
{(1, 8), (6, 9), (8, 13), (9, 15)}
{(1, 8), (6, 9), (8, 14), (9, 10)}
{(1, 8), (6, 9), (8, 14), (9, 11)}
{(1, 8), (6, 9), (8, 16), (9, 10)}
{(1, 8), (7, 9), (8, 11), (9, 13)}
{(1, 8), (7, 9), (8, 11), (9, 14)}
{(1, 8), (7, 9), (8, 11), (9, 15)}
{(1, 8), (7, 9), (8, 12), (9, 10)}
{(1, 8), (7, 9), (8, 12), (9, 14)}
{(1, 8), (7, 9), (8, 12), (9, 15)}
{(1, 8), (7, 9), (8, 13), (9, 10)}
{(1, 8), (7, 9), (8, 13), (9, 15)}
{(1, 8), (7, 9), (8, 14), (9, 10)}
{(1, 8), (7, 9), (8, 14), (9, 12)}
{(2, 8), (10, 9), (8, 10), (9, 2)}
{(2, 8), (10, 9), (8, 10), (9, 3)}
{(2, 8), (10, 9), (8, 10), (9, 4)}
{(2, 8), (10, 9), (8, 10), (9, 5)}
{(2, 8), (10, 9), (8, 10), (9, 6)}
{(2, 8), (10, 9), (8, 10), (9, 7)}
{(2, 8), (10, 9), (8, 12), (9, 2)}
{(2, 8), (10, 9), (8, 12), (9, 3)}
{(2, 8), (10, 9), (8, 12), (9, 4)}
{(2, 8), (10, 9), (8, 12), (9, 5)}
{(2, 8), (10, 9), (8, 12), (9, 6)}
{(2, 8), (10, 9), (8, 12), (9, 7)}
{(2, 8), (10, 9), (8, 13), (9, 2)}
{(2, 8), (10, 9), (8, 13), (9, 3)}
{(2, 8), (10, 9), (8, 13), (9, 4)}
{(2, 8), (10, 9), (8, 13), (9, 5)}
{(2, 8), (10, 9), (8, 13), (9, 6)}
{(2, 8), (10, 9), (8, 13), (9, 7)}
{(2, 8), (10, 9), (8, 15), (9, 2)}
{(2, 8), (10, 9), (8, 15), (9, 3)}
{(2, 8), (10, 9), (8, 15), (9, 4)}
{(2, 8), (10, 9), (8, 15), (9, 5)}
{(2, 8), (10, 9), (8, 15), (9, 6)}
{(2, 8), (10, 9), (8, 3), (9, 11)}
{(2, 8), (10, 9), (8, 3), (9, 12)}
{(2, 8), (10, 9), (8, 3), (9, 13)}
{(2, 8), (10, 9), (8, 3), (9, 14)}
{(2, 8), (10, 9), (8, 4), (9, 11)}
{(2, 8), (10, 9), (8, 4), (9, 12)}
{(2, 8), (10, 9), (8, 4), (9, 13)}
{(2, 8), (10, 9), (8, 4), (9, 14)}
{(2, 8), (10, 9), (8, 5), (9, 11)}
{(2, 8), (10, 9), (8, 5), (9, 12)}
{(2, 8), (10, 9), (8, 5), (9, 13)}
{(2, 8), (10, 9), (8, 5), (9, 14)}
{(2, 8), (10, 9), (8, 6), (9, 11)}
{(2, 8), (10, 9), (8, 6), (9, 12)}
{(2, 8), (10, 9), (8, 6), (9, 13)}
{(2, 8), (10, 9), (8, 6), (9, 14)}
{(2, 8), (11, 9), (8, 10), (9, 3)}
{(2, 8), (11, 9), (8, 10), (9, 4)}
{(2, 8), (11, 9), (8, 10), (9, 5)}
{(2, 8), (11, 9), (8, 10), (9, 6)}
{(2, 8), (11, 9), (8, 11), (9, 2)}
{(2, 8), (11, 9), (8, 11), (9, 3)}
{(2, 8), (11, 9), (8, 11), (9, 4)}
{(2, 8), (11, 9), (8, 11), (9, 5)}
{(2, 8), (11, 9), (8, 11), (9, 6)}
{(2, 8), (11, 9), (8, 13), (9, 2)}
{(2, 8), (11, 9), (8, 13), (9, 3)}
{(2, 8), (11, 9), (8, 13), (9, 4)}
{(2, 8), (11, 9), (8, 13), (9, 5)}
{(2, 8), (11, 9), (8, 13), (9, 6)}
{(2, 8), (11, 9), (8, 15), (9, 2)}
{(2, 8), (11, 9), (8, 15), (9, 3)}
{(2, 8), (11, 9), (8, 15), (9, 4)}
{(2, 8), (11, 9), (8, 15), (9, 5)}
{(2, 8), (11, 9), (8, 3), (9, 10)}
{(2, 8), (11, 9), (8, 3), (9, 12)}
{(2, 8), (11, 9), (8, 3), (9, 13)}
{(2, 8), (11, 9), (8, 3), (9, 14)}
{(2, 8), (11, 9), (8, 4), (9, 10)}
{(2, 8), (11, 9), (8, 4), (9, 12)}
{(2, 8), (11, 9), (8, 4), (9, 13)}
{(2, 8), (11, 9), (8, 4), (9, 14)}
{(2, 8), (11, 9), (8, 5), (9, 10)}
{(2, 8), (11, 9), (8, 5), (9, 12)}
{(2, 8), (11, 9), (8, 5), (9, 13)}
{(2, 8), (11, 9), (8, 5), (9, 14)}
{(2, 8), (11, 9), (8, 7), (9, 10)}
{(2, 8), (11, 9), (8, 7), (9, 12)}
{(2, 8), (11, 9), (8, 7), (9, 13)}
{(2, 8), (11, 9), (8, 7), (9, 14)}
{(2, 8), (12, 9), (8, 10), (9, 3)}
{(2, 8), (12, 9), (8, 10), (9, 4)}
{(2, 8), (12, 9), (8, 10), (9, 5)}
{(2, 8), (12, 9), (8, 10), (9, 7)}
{(2, 8), (12, 9), (8, 11), (9, 3)}
{(2, 8), (12, 9), (8, 11), (9, 4)}
{(2, 8), (12, 9), (8, 11), (9, 5)}
{(2, 8), (12, 9), (8, 11), (9, 7)}
{(2, 8), (12, 9), (8, 12), (9, 2)}
{(2, 8), (12, 9), (8, 12), (9, 3)}
{(2, 8), (12, 9), (8, 12), (9, 4)}
{(2, 8), (12, 9), (8, 12), (9, 5)}
{(2, 8), (12, 9), (8, 12), (9, 7)}
{(2, 8), (12, 9), (8, 15), (9, 2)}
{(2, 8), (12, 9), (8, 15), (9, 3)}
{(2, 8), (12, 9), (8, 15), (9, 4)}
{(2, 8), (12, 9), (8, 3), (9, 10)}
{(2, 8), (12, 9), (8, 3), (9, 11)}
{(2, 8), (12, 9), (8, 3), (9, 13)}
{(2, 8), (12, 9), (8, 3), (9, 14)}
{(2, 8), (12, 9), (8, 4), (9, 10)}
{(2, 8), (12, 9), (8, 4), (9, 11)}
{(2, 8), (12, 9), (8, 4), (9, 13)}
{(2, 8), (12, 9), (8, 4), (9, 14)}
{(2, 8), (12, 9), (8, 6), (9, 10)}
{(2, 8), (12, 9), (8, 6), (9, 11)}
{(2, 8), (12, 9), (8, 6), (9, 13)}
{(2, 8), (12, 9), (8, 6), (9, 14)}
{(2, 8), (12, 9), (8, 7), (9, 10)}
{(2, 8), (12, 9), (8, 7), (9, 11)}
{(2, 8), (12, 9), (8, 7), (9, 13)}
{(2, 8), (12, 9), (8, 7), (9, 14)}
{(2, 8), (13, 9), (8, 10), (9, 3)}
{(2, 8), (13, 9), (8, 10), (9, 4)}
{(2, 8), (13, 9), (8, 10), (9, 6)}
{(2, 8), (13, 9), (8, 10), (9, 7)}
{(2, 8), (13, 9), (8, 11), (9, 3)}
{(2, 8), (13, 9), (8, 11), (9, 4)}
{(2, 8), (13, 9), (8, 11), (9, 6)}
{(2, 8), (13, 9), (8, 11), (9, 7)}
{(2, 8), (13, 9), (8, 12), (9, 3)}
{(2, 8), (13, 9), (8, 12), (9, 4)}
{(2, 8), (13, 9), (8, 12), (9, 6)}
{(2, 8), (13, 9), (8, 12), (9, 7)}
{(2, 8), (13, 9), (8, 13), (9, 2)}
{(2, 8), (13, 9), (8, 13), (9, 3)}
{(2, 8), (13, 9), (8, 13), (9, 4)}
{(2, 8), (13, 9), (8, 13), (9, 6)}
{(2, 8), (13, 9), (8, 13), (9, 7)}
{(2, 8), (13, 9), (8, 15), (9, 2)}
{(2, 8), (13, 9), (8, 15), (9, 3)}
{(2, 8), (13, 9), (8, 3), (9, 10)}
{(2, 8), (13, 9), (8, 3), (9, 11)}
{(2, 8), (13, 9), (8, 3), (9, 12)}
{(2, 8), (13, 9), (8, 3), (9, 14)}
{(2, 8), (13, 9), (8, 5), (9, 10)}
{(2, 8), (13, 9), (8, 5), (9, 11)}
{(2, 8), (13, 9), (8, 5), (9, 12)}
{(2, 8), (13, 9), (8, 5), (9, 14)}
{(2, 8), (13, 9), (8, 6), (9, 10)}
{(2, 8), (13, 9), (8, 6), (9, 11)}
{(2, 8), (13, 9), (8, 6), (9, 12)}
{(2, 8), (13, 9), (8, 6), (9, 14)}
{(2, 8), (13, 9), (8, 7), (9, 10)}
{(2, 8), (13, 9), (8, 7), (9, 11)}
{(2, 8), (13, 9), (8, 7), (9, 12)}
{(2, 8), (13, 9), (8, 7), (9, 14)}
{(2, 8), (14, 9), (8, 10), (9, 3)}
{(2, 8), (14, 9), (8, 10), (9, 5)}
{(2, 8), (14, 9), (8, 10), (9, 6)}
{(2, 8), (14, 9), (8, 10), (9, 7)}
{(2, 8), (14, 9), (8, 11), (9, 3)}
{(2, 8), (14, 9), (8, 11), (9, 5)}
{(2, 8), (14, 9), (8, 11), (9, 6)}
{(2, 8), (14, 9), (8, 11), (9, 7)}
{(2, 8), (14, 9), (8, 12), (9, 3)}
{(2, 8), (14, 9), (8, 12), (9, 5)}
{(2, 8), (14, 9), (8, 12), (9, 6)}
{(2, 8), (14, 9), (8, 12), (9, 7)}
{(2, 8), (14, 9), (8, 13), (9, 3)}
{(2, 8), (14, 9), (8, 13), (9, 5)}
{(2, 8), (14, 9), (8, 13), (9, 6)}
{(2, 8), (14, 9), (8, 13), (9, 7)}
{(2, 8), (14, 9), (8, 4), (9, 10)}
{(2, 8), (14, 9), (8, 4), (9, 11)}
{(2, 8), (14, 9), (8, 4), (9, 12)}
{(2, 8), (14, 9), (8, 4), (9, 13)}
{(2, 8), (14, 9), (8, 5), (9, 10)}
{(2, 8), (14, 9), (8, 5), (9, 11)}
{(2, 8), (14, 9), (8, 5), (9, 12)}
{(2, 8), (14, 9), (8, 5), (9, 13)}
{(2, 8), (14, 9), (8, 6), (9, 10)}
{(2, 8), (14, 9), (8, 6), (9, 11)}
{(2, 8), (14, 9), (8, 6), (9, 12)}
{(2, 8), (14, 9), (8, 6), (9, 13)}
{(2, 8), (14, 9), (8, 7), (9, 10)}
{(2, 8), (14, 9), (8, 7), (9, 11)}
{(2, 8), (14, 9), (8, 7), (9, 12)}
{(2, 8), (14, 9), (8, 7), (9, 13)}
{(2, 8), (15, 9), (8, 10), (9, 4)}
{(2, 8), (15, 9), (8, 10), (9, 5)}
{(2, 8), (15, 9), (8, 10), (9, 6)}
{(2, 8), (15, 9), (8, 10), (9, 7)}
{(2, 8), (15, 9), (8, 11), (9, 4)}
{(2, 8), (15, 9), (8, 11), (9, 5)}
{(2, 8), (15, 9), (8, 11), (9, 6)}
{(2, 8), (15, 9), (8, 12), (9, 4)}
{(2, 8), (15, 9), (8, 12), (9, 5)}
{(2, 8), (15, 9), (8, 13), (9, 4)}
{(2, 8), (15, 9), (8, 15), (9, 2)}
{(2, 8), (15, 9), (8, 3), (9, 10)}
{(2, 8), (15, 9), (8, 3), (9, 11)}
{(2, 8), (15, 9), (8, 3), (9, 12)}
{(2, 8), (15, 9), (8, 3), (9, 13)}
{(2, 8), (15, 9), (8, 3), (9, 14)}
{(2, 8), (15, 9), (8, 4), (9, 10)}
{(2, 8), (15, 9), (8, 4), (9, 11)}
{(2, 8), (15, 9), (8, 4), (9, 12)}
{(2, 8), (15, 9), (8, 4), (9, 13)}
{(2, 8), (15, 9), (8, 5), (9, 10)}
{(2, 8), (15, 9), (8, 5), (9, 11)}
{(2, 8), (15, 9), (8, 5), (9, 12)}
{(2, 8), (15, 9), (8, 6), (9, 10)}
{(2, 8), (15, 9), (8, 6), (9, 11)}
{(2, 8), (15, 9), (8, 7), (9, 10)}
{(2, 8), (4, 9), (8, 10), (9, 12)}
{(2, 8), (4, 9), (8, 10), (9, 13)}
{(2, 8), (4, 9), (8, 11), (9, 13)}
{(2, 8), (4, 9), (8, 12), (9, 10)}
{(2, 8), (4, 9), (8, 15), (9, 10)}
{(2, 8), (4, 9), (8, 15), (9, 11)}
{(2, 8), (4, 9), (8, 15), (9, 12)}
{(2, 8), (5, 9), (8, 10), (9, 12)}
{(2, 8), (5, 9), (8, 10), (9, 14)}
{(2, 8), (5, 9), (8, 11), (9, 14)}
{(2, 8), (5, 9), (8, 13), (9, 10)}
{(2, 8), (5, 9), (8, 13), (9, 11)}
{(2, 8), (5, 9), (8, 15), (9, 10)}
{(2, 8), (5, 9), (8, 15), (9, 11)}
{(2, 8), (6, 9), (8, 10), (9, 13)}
{(2, 8), (6, 9), (8, 10), (9, 14)}
{(2, 8), (6, 9), (8, 12), (9, 10)}
{(2, 8), (6, 9), (8, 12), (9, 14)}
{(2, 8), (6, 9), (8, 13), (9, 10)}
{(2, 8), (6, 9), (8, 13), (9, 11)}
{(2, 8), (6, 9), (8, 15), (9, 10)}
{(2, 8), (7, 9), (8, 11), (9, 13)}
{(2, 8), (7, 9), (8, 11), (9, 14)}
{(2, 8), (7, 9), (8, 12), (9, 10)}
{(2, 8), (7, 9), (8, 12), (9, 14)}
{(2, 8), (7, 9), (8, 13), (9, 10)}
{(3, 8), (10, 9), (8, 10), (9, 3)}
{(3, 8), (10, 9), (8, 10), (9, 4)}
{(3, 8), (10, 9), (8, 10), (9, 5)}
{(3, 8), (10, 9), (8, 10), (9, 6)}
{(3, 8), (10, 9), (8, 10), (9, 7)}
{(3, 8), (10, 9), (8, 12), (9, 3)}
{(3, 8), (10, 9), (8, 12), (9, 4)}
{(3, 8), (10, 9), (8, 12), (9, 5)}
{(3, 8), (10, 9), (8, 12), (9, 6)}
{(3, 8), (10, 9), (8, 12), (9, 7)}
{(3, 8), (10, 9), (8, 14), (9, 3)}
{(3, 8), (10, 9), (8, 14), (9, 4)}
{(3, 8), (10, 9), (8, 14), (9, 5)}
{(3, 8), (10, 9), (8, 14), (9, 6)}
{(3, 8), (10, 9), (8, 4), (9, 11)}
{(3, 8), (10, 9), (8, 4), (9, 12)}
{(3, 8), (10, 9), (8, 4), (9, 13)}
{(3, 8), (10, 9), (8, 5), (9, 11)}
{(3, 8), (10, 9), (8, 5), (9, 12)}
{(3, 8), (10, 9), (8, 5), (9, 13)}
{(3, 8), (10, 9), (8, 6), (9, 11)}
{(3, 8), (10, 9), (8, 6), (9, 12)}
{(3, 8), (10, 9), (8, 6), (9, 13)}
{(3, 8), (11, 9), (8, 10), (9, 4)}
{(3, 8), (11, 9), (8, 10), (9, 5)}
{(3, 8), (11, 9), (8, 10), (9, 6)}
{(3, 8), (11, 9), (8, 11), (9, 3)}
{(3, 8), (11, 9), (8, 11), (9, 4)}
{(3, 8), (11, 9), (8, 11), (9, 5)}
{(3, 8), (11, 9), (8, 11), (9, 6)}
{(3, 8), (11, 9), (8, 14), (9, 3)}
{(3, 8), (11, 9), (8, 14), (9, 4)}
{(3, 8), (11, 9), (8, 14), (9, 5)}
{(3, 8), (11, 9), (8, 4), (9, 10)}
{(3, 8), (11, 9), (8, 4), (9, 12)}
{(3, 8), (11, 9), (8, 4), (9, 13)}
{(3, 8), (11, 9), (8, 5), (9, 10)}
{(3, 8), (11, 9), (8, 5), (9, 12)}
{(3, 8), (11, 9), (8, 5), (9, 13)}
{(3, 8), (11, 9), (8, 7), (9, 10)}
{(3, 8), (11, 9), (8, 7), (9, 12)}
{(3, 8), (11, 9), (8, 7), (9, 13)}
{(3, 8), (12, 9), (8, 10), (9, 4)}
{(3, 8), (12, 9), (8, 10), (9, 5)}
{(3, 8), (12, 9), (8, 10), (9, 7)}
{(3, 8), (12, 9), (8, 11), (9, 4)}
{(3, 8), (12, 9), (8, 11), (9, 5)}
{(3, 8), (12, 9), (8, 11), (9, 7)}
{(3, 8), (12, 9), (8, 12), (9, 3)}
{(3, 8), (12, 9), (8, 12), (9, 4)}
{(3, 8), (12, 9), (8, 12), (9, 5)}
{(3, 8), (12, 9), (8, 12), (9, 7)}
{(3, 8), (12, 9), (8, 14), (9, 3)}
{(3, 8), (12, 9), (8, 14), (9, 4)}
{(3, 8), (12, 9), (8, 4), (9, 10)}
{(3, 8), (12, 9), (8, 4), (9, 11)}
{(3, 8), (12, 9), (8, 4), (9, 13)}
{(3, 8), (12, 9), (8, 6), (9, 10)}
{(3, 8), (12, 9), (8, 6), (9, 11)}
{(3, 8), (12, 9), (8, 6), (9, 13)}
{(3, 8), (12, 9), (8, 7), (9, 10)}
{(3, 8), (12, 9), (8, 7), (9, 11)}
{(3, 8), (12, 9), (8, 7), (9, 13)}
{(3, 8), (13, 9), (8, 10), (9, 4)}
{(3, 8), (13, 9), (8, 10), (9, 6)}
{(3, 8), (13, 9), (8, 10), (9, 7)}
{(3, 8), (13, 9), (8, 11), (9, 4)}
{(3, 8), (13, 9), (8, 11), (9, 6)}
{(3, 8), (13, 9), (8, 11), (9, 7)}
{(3, 8), (13, 9), (8, 12), (9, 4)}
{(3, 8), (13, 9), (8, 12), (9, 6)}
{(3, 8), (13, 9), (8, 12), (9, 7)}
{(3, 8), (13, 9), (8, 5), (9, 10)}
{(3, 8), (13, 9), (8, 5), (9, 11)}
{(3, 8), (13, 9), (8, 5), (9, 12)}
{(3, 8), (13, 9), (8, 6), (9, 10)}
{(3, 8), (13, 9), (8, 6), (9, 11)}
{(3, 8), (13, 9), (8, 6), (9, 12)}
{(3, 8), (13, 9), (8, 7), (9, 10)}
{(3, 8), (13, 9), (8, 7), (9, 11)}
{(3, 8), (13, 9), (8, 7), (9, 12)}
{(3, 8), (14, 9), (8, 10), (9, 5)}
{(3, 8), (14, 9), (8, 10), (9, 6)}
{(3, 8), (14, 9), (8, 10), (9, 7)}
{(3, 8), (14, 9), (8, 11), (9, 5)}
{(3, 8), (14, 9), (8, 11), (9, 6)}
{(3, 8), (14, 9), (8, 12), (9, 5)}
{(3, 8), (14, 9), (8, 14), (9, 3)}
{(3, 8), (14, 9), (8, 4), (9, 10)}
{(3, 8), (14, 9), (8, 4), (9, 11)}
{(3, 8), (14, 9), (8, 4), (9, 12)}
{(3, 8), (14, 9), (8, 4), (9, 13)}
{(3, 8), (14, 9), (8, 5), (9, 10)}
{(3, 8), (14, 9), (8, 5), (9, 11)}
{(3, 8), (14, 9), (8, 5), (9, 12)}
{(3, 8), (14, 9), (8, 6), (9, 10)}
{(3, 8), (14, 9), (8, 6), (9, 11)}
{(3, 8), (14, 9), (8, 7), (9, 10)}
{(3, 8), (5, 9), (8, 10), (9, 12)}
{(3, 8), (5, 9), (8, 14), (9, 10)}
{(3, 8), (5, 9), (8, 14), (9, 11)}
{(3, 8), (6, 9), (8, 10), (9, 13)}
{(3, 8), (6, 9), (8, 12), (9, 10)}
{(3, 8), (6, 9), (8, 14), (9, 10)}
{(3, 8), (7, 9), (8, 11), (9, 13)}
{(3, 8), (7, 9), (8, 12), (9, 10)}
{(4, 8), (10, 9), (8, 10), (9, 4)}
{(4, 8), (10, 9), (8, 10), (9, 5)}
{(4, 8), (10, 9), (8, 10), (9, 6)}
{(4, 8), (10, 9), (8, 10), (9, 7)}
{(4, 8), (10, 9), (8, 13), (9, 4)}
{(4, 8), (10, 9), (8, 13), (9, 5)}
{(4, 8), (10, 9), (8, 13), (9, 6)}
{(4, 8), (10, 9), (8, 5), (9, 11)}
{(4, 8), (10, 9), (8, 5), (9, 12)}
{(4, 8), (10, 9), (8, 6), (9, 11)}
{(4, 8), (10, 9), (8, 6), (9, 12)}
{(4, 8), (11, 9), (8, 10), (9, 5)}
{(4, 8), (11, 9), (8, 10), (9, 6)}
{(4, 8), (11, 9), (8, 11), (9, 4)}
{(4, 8), (11, 9), (8, 11), (9, 5)}
{(4, 8), (11, 9), (8, 11), (9, 6)}
{(4, 8), (11, 9), (8, 13), (9, 4)}
{(4, 8), (11, 9), (8, 13), (9, 5)}
{(4, 8), (11, 9), (8, 5), (9, 10)}
{(4, 8), (11, 9), (8, 5), (9, 12)}
{(4, 8), (11, 9), (8, 7), (9, 10)}
{(4, 8), (11, 9), (8, 7), (9, 12)}
{(4, 8), (12, 9), (8, 10), (9, 5)}
{(4, 8), (12, 9), (8, 10), (9, 7)}
{(4, 8), (12, 9), (8, 11), (9, 5)}
{(4, 8), (12, 9), (8, 11), (9, 7)}
{(4, 8), (12, 9), (8, 6), (9, 10)}
{(4, 8), (12, 9), (8, 6), (9, 11)}
{(4, 8), (12, 9), (8, 7), (9, 10)}
{(4, 8), (12, 9), (8, 7), (9, 11)}
{(4, 8), (13, 9), (8, 10), (9, 6)}
{(4, 8), (13, 9), (8, 10), (9, 7)}
{(4, 8), (13, 9), (8, 11), (9, 6)}
{(4, 8), (13, 9), (8, 13), (9, 4)}
{(4, 8), (13, 9), (8, 5), (9, 10)}
{(4, 8), (13, 9), (8, 5), (9, 11)}
{(4, 8), (13, 9), (8, 5), (9, 12)}
{(4, 8), (13, 9), (8, 6), (9, 10)}
{(4, 8), (13, 9), (8, 6), (9, 11)}
{(4, 8), (13, 9), (8, 7), (9, 10)}
{(4, 8), (6, 9), (8, 13), (9, 10)}
{(5, 8), (10, 9), (8, 10), (9, 5)}
{(5, 8), (10, 9), (8, 10), (9, 6)}
{(5, 8), (10, 9), (8, 10), (9, 7)}
{(5, 8), (10, 9), (8, 12), (9, 5)}
{(5, 8), (10, 9), (8, 12), (9, 6)}
{(5, 8), (10, 9), (8, 6), (9, 11)}
{(5, 8), (11, 9), (8, 10), (9, 6)}
{(5, 8), (11, 9), (8, 7), (9, 10)}
{(5, 8), (12, 9), (8, 10), (9, 7)}
{(5, 8), (12, 9), (8, 12), (9, 5)}
{(5, 8), (12, 9), (8, 6), (9, 10)}
{(5, 8), (12, 9), (8, 6), (9, 11)}
{(5, 8), (12, 9), (8, 7), (9, 10)}
{(6, 8), (11, 9), (8, 11), (9, 6)}
{(6, 8), (11, 9), (8, 7), (9, 10)}
{(7, 8), (10, 9), (8, 10), (9, 7)}
{(1, 8), (10, 9), (8, 10), (9, 12)}
{(1, 8), (10, 9), (8, 10), (9, 13)}
{(1, 8), (10, 9), (8, 10), (9, 14)}
{(1, 8), (10, 9), (8, 10), (9, 15)}
{(1, 8), (10, 9), (8, 12), (9, 14)}
{(1, 8), (10, 9), (8, 12), (9, 15)}
{(1, 8), (10, 9), (8, 13), (9, 11)}
{(1, 8), (10, 9), (8, 13), (9, 15)}
{(1, 8), (10, 9), (8, 14), (9, 11)}
{(1, 8), (10, 9), (8, 14), (9, 12)}
{(1, 8), (11, 9), (8, 10), (9, 12)}
{(1, 8), (11, 9), (8, 10), (9, 13)}
{(1, 8), (11, 9), (8, 10), (9, 14)}
{(1, 8), (11, 9), (8, 10), (9, 15)}
{(1, 8), (11, 9), (8, 11), (9, 13)}
{(1, 8), (11, 9), (8, 11), (9, 14)}
{(1, 8), (11, 9), (8, 11), (9, 15)}
{(1, 8), (11, 9), (8, 13), (9, 10)}
{(1, 8), (11, 9), (8, 13), (9, 15)}
{(1, 8), (11, 9), (8, 14), (9, 10)}
{(1, 8), (11, 9), (8, 14), (9, 12)}
{(1, 8), (12, 9), (8, 10), (9, 13)}
{(1, 8), (12, 9), (8, 10), (9, 14)}
{(1, 8), (12, 9), (8, 10), (9, 15)}
{(1, 8), (12, 9), (8, 11), (9, 13)}
{(1, 8), (12, 9), (8, 11), (9, 14)}
{(1, 8), (12, 9), (8, 11), (9, 15)}
{(1, 8), (12, 9), (8, 12), (9, 10)}
{(1, 8), (12, 9), (8, 12), (9, 14)}
{(1, 8), (12, 9), (8, 12), (9, 15)}
{(1, 8), (12, 9), (8, 14), (9, 10)}
{(1, 8), (12, 9), (8, 14), (9, 11)}
{(1, 8), (13, 9), (8, 10), (9, 12)}
{(1, 8), (13, 9), (8, 10), (9, 14)}
{(1, 8), (13, 9), (8, 10), (9, 15)}
{(1, 8), (13, 9), (8, 11), (9, 14)}
{(1, 8), (13, 9), (8, 11), (9, 15)}
{(1, 8), (13, 9), (8, 12), (9, 10)}
{(1, 8), (13, 9), (8, 12), (9, 14)}
{(1, 8), (13, 9), (8, 12), (9, 15)}
{(1, 8), (13, 9), (8, 13), (9, 10)}
{(1, 8), (13, 9), (8, 13), (9, 11)}
{(1, 8), (13, 9), (8, 13), (9, 15)}
{(1, 8), (14, 9), (8, 10), (9, 12)}
{(1, 8), (14, 9), (8, 10), (9, 13)}
{(1, 8), (14, 9), (8, 10), (9, 15)}
{(1, 8), (14, 9), (8, 11), (9, 13)}
{(1, 8), (14, 9), (8, 11), (9, 15)}
{(1, 8), (14, 9), (8, 12), (9, 10)}
{(1, 8), (14, 9), (8, 12), (9, 15)}
{(1, 8), (14, 9), (8, 13), (9, 10)}
{(1, 8), (14, 9), (8, 13), (9, 11)}
{(1, 8), (14, 9), (8, 13), (9, 15)}
{(1, 8), (14, 9), (8, 14), (9, 10)}
{(1, 8), (14, 9), (8, 14), (9, 11)}
{(1, 8), (14, 9), (8, 14), (9, 12)}
{(1, 8), (15, 9), (8, 10), (9, 12)}
{(1, 8), (15, 9), (8, 10), (9, 13)}
{(1, 8), (15, 9), (8, 10), (9, 14)}
{(1, 8), (15, 9), (8, 11), (9, 13)}
{(1, 8), (15, 9), (8, 11), (9, 14)}
{(1, 8), (15, 9), (8, 12), (9, 10)}
{(1, 8), (15, 9), (8, 12), (9, 14)}
{(1, 8), (15, 9), (8, 13), (9, 10)}
{(1, 8), (15, 9), (8, 13), (9, 11)}
{(1, 8), (15, 9), (8, 14), (9, 10)}
{(1, 8), (15, 9), (8, 14), (9, 11)}
{(1, 8), (15, 9), (8, 14), (9, 12)}
{(2, 8), (10, 9), (8, 10), (9, 12)}
{(2, 8), (10, 9), (8, 10), (9, 13)}
{(2, 8), (10, 9), (8, 10), (9, 14)}
{(2, 8), (10, 9), (8, 12), (9, 14)}
{(2, 8), (10, 9), (8, 13), (9, 11)}
{(2, 8), (11, 9), (8, 10), (9, 12)}
{(2, 8), (11, 9), (8, 10), (9, 13)}
{(2, 8), (11, 9), (8, 10), (9, 14)}
{(2, 8), (11, 9), (8, 11), (9, 13)}
{(2, 8), (11, 9), (8, 11), (9, 14)}
{(2, 8), (11, 9), (8, 13), (9, 10)}
{(2, 8), (12, 9), (8, 10), (9, 13)}
{(2, 8), (12, 9), (8, 10), (9, 14)}
{(2, 8), (12, 9), (8, 11), (9, 13)}
{(2, 8), (12, 9), (8, 11), (9, 14)}
{(2, 8), (12, 9), (8, 12), (9, 10)}
{(2, 8), (12, 9), (8, 12), (9, 14)}
{(2, 8), (13, 9), (8, 10), (9, 12)}
{(2, 8), (13, 9), (8, 10), (9, 14)}
{(2, 8), (13, 9), (8, 11), (9, 14)}
{(2, 8), (13, 9), (8, 12), (9, 10)}
{(2, 8), (13, 9), (8, 12), (9, 14)}
{(2, 8), (13, 9), (8, 13), (9, 10)}
{(2, 8), (13, 9), (8, 13), (9, 11)}
{(2, 8), (14, 9), (8, 10), (9, 12)}
{(2, 8), (14, 9), (8, 10), (9, 13)}
{(2, 8), (14, 9), (8, 11), (9, 13)}
{(2, 8), (14, 9), (8, 12), (9, 10)}
{(2, 8), (14, 9), (8, 13), (9, 10)}
{(2, 8), (14, 9), (8, 13), (9, 11)}
{(3, 8), (10, 9), (8, 10), (9, 12)}
{(3, 8), (10, 9), (8, 10), (9, 13)}
{(3, 8), (11, 9), (8, 10), (9, 12)}
{(3, 8), (11, 9), (8, 10), (9, 13)}
{(3, 8), (11, 9), (8, 11), (9, 13)}
{(3, 8), (12, 9), (8, 10), (9, 13)}
{(3, 8), (12, 9), (8, 11), (9, 13)}
{(3, 8), (12, 9), (8, 12), (9, 10)}
{(3, 8), (13, 9), (8, 10), (9, 12)}
{(3, 8), (13, 9), (8, 12), (9, 10)}
{(4, 8), (10, 9), (8, 10), (9, 12)}
{(4, 8), (11, 9), (8, 10), (9, 12)}