   N    orbits    quotient
----  --------  ----------
   1         0  0.00000000
   2        20  3.33333333
   3        36  3.60000000
   4       420  6.36363636
   5       168  4.66666667
   6      1332  7.01052632
   7       396  5.07692308
   8      2756  7.29100529
   9       720  5.29411765
  10      4692  7.44761905
  11      1140  5.42857143
  12      7140  7.54756871
  13      1656  5.52000000
  14     10100  7.61689291
  15      2268  5.58620690
  16     13572  7.66779661
  17      2976  5.63636364
  18     17556  7.70676032
  19      3780  5.67567568
  20     22052  7.73754386
  21      4680  5.70731707
  22     27060  7.76247849
  23      5676  5.73333333
  24     32580  7.78308648
  25      6768  5.75510204
  26     38612  7.80040404
  27      7956  5.77358491
  28     45156  7.81516096
  29      9240  5.78947368
  30     52212  7.82788606
  31     10620  5.80327869
  32     59780  7.83897194
  33     12096  5.81538462
  34     67860  7.84871617
  35     13668  5.82608696
  36     76452  7.85734841
  37     15336  5.83561644
  38     85556  7.86504872
  39     17100  5.84415584
  40     95172  7.87196030
  41     18960  5.85185185
  42    105300  7.87819841
  43     20916  5.85882353
  44    115940  7.88385693
  45     22968  5.86516854
  46    127092  7.88901304
  47     25116  5.87096774
  48    138756  7.89373080
  49     27360  5.87628866
  50    150932  7.89806384
  51     29700  5.88118812
  52    163620  7.90205737
  53     32136  5.88571429
  54    176820  7.90574980
  55     34668  5.88990826
  56    190532  7.90917393
  57     37296  5.89380531
  58    204756  7.91235799
  59     40020  5.89743590
  60    219492  7.91532636
  61     42840  5.90082645
  62    234740  7.91810025
  63     45756  5.90400000
  64    250500  7.92069816
  65     48768  5.90697674
  66    266772  7.92313632
  67     51876  5.90977444
  68    283556  7.92542903
  69     55080  5.91240876
  70    300852  7.92758893
  71     58380  5.91489362
  72    318660  7.92962723
  73     61776  5.91724138
  74    336980  7.93155392
  75     65268  5.91946309
  76    355812  7.93337793
  77     68856  5.92156863
  78    375156  7.93510724
  79     72540  5.92356688
  80    395012  7.93674905
  81     76320  5.92546584
  82    415380  7.93830983
  83     80196  5.92727273
  84    436260  7.93979544
  85     84168  5.92899408
  86    457652  7.94121117
  87     88236  5.93063584
  88    479556  7.94256186
  89     92400  5.93220339
  90    501972  7.94385188
  91     96660  5.93370166
  92    524900  7.94508522
  93    101016  5.93513514
  94    548340  7.94626554
  95    105468  5.93650794
  96    572292  7.94739619
  97    110016  5.93782383
  98    596756  7.94848025
  99    114660  5.93908629
 100    621732  7.94952052
 101    119400  5.94029851
 102    647220  7.95051962
 103    124236  5.94146341
 104    673220  7.95147993
 105    129168  5.94258373
 106    699732  7.95240368
 107    134196  5.94366197
 108    726756  7.95329292
 109    139320  5.94470046
 110    754292  7.95414953
 111    144540  5.94570136
 112    782340  7.95497529
 113    149856  5.94666667
 114    810900  7.95577183
 115    155268  5.94759825
 116    839972  7.95654068
 117    160776  5.94849785
 118    869556  7.95728326
 119    166380  5.94936709
 120    899652  7.95800088
 121    172080  5.95020747
 122    930260  7.95869480
 123    177876  5.95102041
 124    961380  7.95936615
 125    183768  5.95180723
 126    993012  7.96001603
 127    189756  5.95256917
 128   1025156  7.96064545
 129    195840  5.95330739
 130   1057812  7.96125536
 131    202020  5.95402299
 132   1090980  7.96184666
 133    208296  5.95471698
 134   1124660  7.96242017
 135    214668  5.95539033
 136   1158852  7.96297671
 137    221136  5.95604396
 138   1193556  7.96351699
 139    227700  5.95667870
 140   1228772  7.96404174
 141    234360  5.95729537
 142   1264500  7.96455160
 143    241116  5.95789474
 144   1300740  7.96504721
 145    247968  5.95847751
 146   1337492  7.96552915
 147    254916  5.95904437
 148   1374756  7.96599798
 149    261960  5.95959596
 150   1412532  7.96645423
 151    269100  5.96013289
 152   1450820  7.96689840
 153    276336  5.96065574
 154   1489620  7.96733096
 155    283668  5.96116505
 156   1528932  7.96775236
 157    291096  5.96166134
 158   1568756  7.96816302
 159    298620  5.96214511
 160   1609092  7.96856336
 161    306240  5.96261682
 162   1649940  7.96895376
 163    313956  5.96307692
 164   1691300  7.96933458
 165    321768  5.96352584
 166   1733172  7.96970617
 167    329676  5.96396396
 168   1775556  7.97006886
 169    337680  5.96439169
 170   1818452  7.97042297
 171    345780  5.96480938
 172   1861860  7.97076880
 173    353976  5.96521739
 174   1905780  7.97110663
 175    362268  5.96561605
 176   1950212  7.97143675
 177    370656  5.96600567
 178   1995156  7.97175940
 179    379140  5.96638655
 180   2040612  7.97207485
 181    387720  5.96675900
 182   2086580  7.97238333
 183    396396  5.96712329
 184   2133060  7.97268507
 185    405168  5.96747967
 186   2180052  7.97298029
 187    414036  5.96782842
 188   2227556  7.97326919
 189    423000  5.96816976
 190   2275572  7.97355198
 191    432060  5.96850394
 192   2324100  7.97382885
 193    441216  5.96883117
 194   2373140  7.97409998
 195    450468  5.96915167
 196   2422692  7.97436556
 197    459816  5.96946565
 198   2472756  7.97462574
 199    469260  5.96977330
 200   2523332  7.97488069
 201    478800  5.97007481
 202   2574420  7.97513057
 203    488436  5.97037037
 204   2626020  7.97537553
 205    498168  5.97066015
 206   2678132  7.97561571
 207    507996  5.97094431
 208   2730756  7.97585125
 209    517920  5.97122302
 210   2783892  7.97608229
 211    527940  5.97149644
 212   2837540  7.97630894
 213    538056  5.97176471
 214   2891700  7.97653134
 215    548268  5.97202797
 216   2946372  7.97674960
 217    558576  5.97228637
 218   3001556  7.97696384
 219    568980  5.97254005
 220   3057252  7.97717417
 221    579480  5.97278912
 222   3113460  7.97738069
 223    590076  5.97303371
 224   3170180  7.97758351
 225    600768  5.97327394
 226   3227412  7.97778272
 227    611556  5.97350993
 228   3285156  7.97797843
 229    622440  5.97374179
 230   3343412  7.97817071
 231    633420  5.97396963
 232   3402180  7.97835967
 233    644496  5.97419355
 234   3461460  7.97854538
 235    655668  5.97441365
 236   3521252  7.97872794
 237    666936  5.97463002
 238   3581556  7.97890741
 239    678300  5.97484277
 240   3642372  7.97908388
 241    689760  5.97505198
 242   3703700  7.97925742
 243    701316  5.97525773
 244   3765540  7.97942811
 245    712968  5.97546012
 246   3827892  7.97959601
 247    724716  5.97565923
 248   3890756  7.97976119
 249    736560  5.97585513
 250   3954132  7.97992371
 251    748500  5.97604790
 252   4018020  7.98008365
 253    760536  5.97623762
 254   4082420  7.98024106
 255    772668  5.97642436
 256   4147332  7.98039601
 257    784896  5.97660819
 258   4212756  7.98054854
 259    797220  5.97678917
 260   4278692  7.98069871
 261    809640  5.97696737
 262   4345140  7.98084659
 263    822156  5.97714286
 264   4412100  7.98099221
 265    834768  5.97731569
 266   4479572  7.98113564
 267    847476  5.97748593
 268   4547556  7.98127692
 269    860280  5.97765363
 270   4616052  7.98141610
 271    873180  5.97781885
 272   4685060  7.98155322
 273    886176  5.97798165
 274   4754580  7.98168834
 275    899268  5.97814208
 276   4824612  7.98182149
 277    912456  5.97830018
 278   4895156  7.98195272
 279    925740  5.97845601
 280   4966212  7.98208207
 281    939120  5.97860963
 282   5037780  7.98220957
 283    952596  5.97876106
 284   5109860  7.98233528
 285    966168  5.97891037
 286   5182452  7.98245922
 287    979836  5.97905759
 288   5255556  7.98258143
 289    993600  5.97920277
 290   5329172  7.98270196
 291   1007460  5.97934596
 292   5403300  7.98282082
 293   1021416  5.97948718
 294   5477940  7.98293807
 295   1035468  5.97962649
 296   5553092  7.98305372
 297   1049616  5.97976391
 298   5628756  7.98316782
 299   1063860  5.97989950
 300   5704932  7.98328039
 301   1078200  5.98003328
 302   5781620  7.98339147
 303   1092636  5.98016529
 304   5858820  7.98350108
 305   1107168  5.98029557
 306   5936532  7.98360925
 307   1121796  5.98042414
 308   6014756  7.98371601
 309   1136520  5.98055105
 310   6093492  7.98382139
 311   1151340  5.98067633
 312   6172740  7.98392542
 313   1166256  5.98080000
 314   6252500  7.98402811
 315   1181268  5.98092210
 316   6332772  7.98412951
 317   1196376  5.98104265
 318   6413556  7.98422962
 319   1211580  5.98116170
 320   6494852  7.98432848
 321   1226880  5.98127925
 322   6576660  7.98442610
 323   1242276  5.98139535
 324   6658980  7.98452252
 325   1257768  5.98151002
 326   6741812  7.98461775
 327   1273356  5.98162328
 328   6825156  7.98471182
 329   1289040  5.98173516
 330   6909012  7.98480474
 331   1304820  5.98184569
 332   6993380  7.98489654
 333   1320696  5.98195489
 334   7078260  7.98498724
 335   1336668  5.98206278
 336   7163652  7.98507686
 337   1352736  5.98216939
 338   7249556  7.98516541
 339   1368900  5.98227474
 340   7335972  7.98525291
 341   1385160  5.98237885
 342   7422900  7.98533939
 343   1401516  5.98248175
 344   7510340  7.98542487
 345   1417968  5.98258345
 346   7598292  7.98550935
 347   1434516  5.98268398
 348   7686756  7.98559286
 349   1451160  5.98278336
 350   7775732  7.98567541
 351   1467900  5.98288160
 352   7865220  7.98575702
 353   1484736  5.98297872
 354   7955220  7.98583770
 355   1501668  5.98307475
 356   8045732  7.98591748
 357   1518696  5.98316971
 358   8136756  7.98599636
 359   1535820  5.98326360
 360   8228292  7.98607436
 361   1553040  5.98335645
 362   8320340  7.98615150
 363   1570356  5.98344828
 364   8412900  7.98622779
 365   1587768  5.98353909
 366   8505972  7.98630325
 367   1605276  5.98362892
 368   8599556  7.98637788
 369   1622880  5.98371777
 370   8693652  7.98645170
 371   1640580  5.98380567
 372   8788260  7.98652473
 373   1658376  5.98389262
 374   8883380  7.98659697
 375   1676268  5.98397864
 376   8979012  7.98666845
 377   1694256  5.98406375
 378   9075156  7.98673916
 379   1712340  5.98414795
 380   9171812  7.98680913
 381   1730520  5.98423127
 382   9268980  7.98687836
 383   1748796  5.98431373
 384   9366660  7.98694688
 385   1767168  5.98439532
 386   9464852  7.98701467
 387   1785636  5.98447607
 388   9563556  7.98708177
 389   1804200  5.98455598
 390   9662772  7.98714818
 391   1822860  5.98463508
 392   9762500  7.98721391
 393   1841616  5.98471338
 394   9862740  7.98727897
 395   1860468  5.98479087
 396   9963492  7.98734338
 397   1879416  5.98486759
 398  10064756  7.98740713
 399   1898460  5.98494354
 400  10166532  7.98747024
 401   1917600  5.98501873
 402  10268820  7.98753273
 403   1936836  5.98509317
 404  10371620  7.98759459
 405   1956168  5.98516687
 406  10474932  7.98765585
 407   1975596  5.98523985
 408  10578756  7.98771650
 409   1995120  5.98531212
 410  10683092  7.98777656
 411   2014740  5.98538368
 412  10787940  7.98783603
 413   2034456  5.98545455
 414  10893300  7.98789493
 415   2054268  5.98552473
 416  10999172  7.98795326
 417   2074176  5.98559424
 418  11105556  7.98801103
 419   2094180  5.98566308
 420  11212452  7.98806825
 421   2114280  5.98573127
 422  11319860  7.98812493
 423   2134476  5.98579882
 424  11427780  7.98818107
 425   2154768  5.98586572
 426  11536212  7.98823668
 427   2175156  5.98593200
 428  11645156  7.98829177
 429   2195640  5.98599767
 430  11754612  7.98834635
 431   2216220  5.98606272
 432  11864580  7.98840042
 433   2236896  5.98612717
 434  11975060  7.98845399
 435   2257668  5.98619102
 436  12086052  7.98850707
 437   2278536  5.98625430
 438  12197556  7.98855966
 439   2299500  5.98631699
 440  12309572  7.98861178
 441   2320560  5.98637911
 442  12422100  7.98866342
 443   2341716  5.98644068
 444  12535140  7.98871459
 445   2362968  5.98650169
 446  12648692  7.98876531
 447   2384316  5.98656215
 448  12762756  7.98881557
 449   2405760  5.98662207
 450  12877332  7.98886538
 451   2427300  5.98668147
 452  12992420  7.98891476
 453   2448936  5.98674033
 454  13108020  7.98896369
 455   2470668  5.98679868
 456  13224132  7.98901220
 457   2492496  5.98685652
 458  13340756  7.98906028
 459   2514420  5.98691385
 460  13457892  7.98910794
 461   2536440  5.98697068
 462  13575540  7.98915519
 463   2558556  5.98702703
 464  13693700  7.98920203
 465   2580768  5.98708288
 466  13812372  7.98924847
 467   2603076  5.98713826
 468  13931556  7.98929451
 469   2625480  5.98719317
 470  14051252  7.98934016
 471   2647980  5.98724761
 472  14171460  7.98938542
 473   2670576  5.98730159
 474  14292180  7.98943029
 475   2693268  5.98735511
 476  14413412  7.98947479
 477   2716056  5.98740818
 478  14535156  7.98951892
 479   2738940  5.98746082
 480  14657412  7.98956268
 481   2761920  5.98751301
 482  14780180  7.98960607
 483   2784996  5.98756477
 484  14903460  7.98964911
 485   2808168  5.98761610
 486  15027252  7.98969179
 487   2831436  5.98766701
 488  15151556  7.98973411
 489   2854800  5.98771750
 490  15276372  7.98977610
 491   2878260  5.98776758
 492  15401700  7.98981774
 493   2901816  5.98781726
 494  15527540  7.98985904
 495   2925468  5.98786653
 496  15653892  7.98990001
 497   2949216  5.98791541
 498  15780756  7.98994065
 499   2973060  5.98796389
 500  15908132  7.98998096
 501   2997000  5.98801199
 502  16036020  7.99002096
 503   3021036  5.98805970
 504  16164420  7.99006063
 505   3045168  5.98810704
 506  16293332  7.99009999
 507   3069396  5.98815400
 508  16422756  7.99013904
 509   3093720  5.98820059
 510  16552692  7.99017778
 511   3118140  5.98824682
 512  16683140  7.99021622
 513   3142656  5.98829268
 514  16814100  7.99025436
 515   3167268  5.98833819
 516  16945572  7.99029221
 517   3191976  5.98838335
 518  17077556  7.99032976
 519   3216780  5.98842816
 520  17210052  7.99036702
 521   3241680  5.98847262
 522  17343060  7.99040399
 523   3266676  5.98851675
 524  17476580  7.99044068
 525   3291768  5.98856053
 526  17610612  7.99047710
 527   3316956  5.98860399
 528  17745156  7.99051323
 529   3342240  5.98864711
 530  17880212  7.99054910
 531   3367620  5.98868992
 532  18015780  7.99058469
 533   3393096  5.98873239
 534  18151860  7.99062002
 535   3418668  5.98877456
 536  18288452  7.99065508
 537   3444336  5.98881640
 538  18425556  7.99068988
 539   3470100  5.98885794
 540  18563172  7.99072442
 541   3495960  5.98889917
 542  18701300  7.99075871
 543   3521916  5.98894009
 544  18839940  7.99079275
 545   3547968  5.98898072
 546  18979092  7.99082653
 547   3574116  5.98902104
 548  19118756  7.99086007
 549   3600360  5.98906108
 550  19258932  7.99089336
 551   3626700  5.98910082
 552  19399620  7.99092641
 553   3653136  5.98914027
 554  19540820  7.99095923
 555   3679668  5.98917944
 556  19682532  7.99099180
 557   3706296  5.98921833
 558  19824756  7.99102415
 559   3733020  5.98925694
 560  19967492  7.99105626
 561   3759840  5.98929527
 562  20110740  7.99108814
 563   3786756  5.98933333
 564  20254500  7.99111979
 565   3813768  5.98937112
 566  20398772  7.99115123
 567   3840876  5.98940865
 568  20543556  7.99118244
 569   3868080  5.98944591
 570  20688852  7.99121343
 571   3895380  5.98948291
 572  20834660  7.99124420
 573   3922776  5.98951965
 574  20980980  7.99127476
 575   3950268  5.98955614
 576  21127812  7.99130510
 577   3977856  5.98959237
 578  21275156  7.99133524
 579   4005540  5.98962835
 580  21423012  7.99136517
 581   4033320  5.98966408
 582  21571380  7.99139489
 583   4061196  5.98969957
 584  21720260  7.99142441
 585   4089168  5.98973482
 586  21869652  7.99145372
 587   4117236  5.98976982
 588  22019556  7.99148284
 589   4145400  5.98980459
 590  22169972  7.99151176
 591   4173660  5.98983912
 592  22320900  7.99154048
 593   4202016  5.98987342
 594  22472340  7.99156901
 595   4230468  5.98990749
 596  22624292  7.99159735
 597   4259016  5.98994132
 598  22776756  7.99162549
 599   4287660  5.98997494
 600  22929732  7.99165345
 601   4316400  5.99000833
 602  23083220  7.99168122
 603   4345236  5.99004149
 604  23237220  7.99170881
 605   4374168  5.99007444
 606  23391732  7.99173622
 607   4403196  5.99010717
 608  23546756  7.99176345
 609   4432320  5.99013969
 610  23702292  7.99179049
 611   4461540  5.99017199
 612  23858340  7.99181736
 613   4490856  5.99020408
 614  24014900  7.99184406
 615   4520268  5.99023596
 616  24171972  7.99187058
 617   4549776  5.99026764
 618  24329556  7.99189693
 619   4579380  5.99029911
 620  24487652  7.99192311
 621   4609080  5.99033038
 622  24646260  7.99194912
 623   4638876  5.99036145
 624  24805380  7.99197496
 625   4668768  5.99039231
 626  24965012  7.99200064
 627   4698756  5.99042298
 628  25125156  7.99202615
 629   4728840  5.99045346
 630  25285812  7.99205151
 631   4759020  5.99048374
 632  25446980  7.99207670
 633   4789296  5.99051383
 634  25608660  7.99210173
 635   4819668  5.99054374
 636  25770852  7.99212660
 637   4850136  5.99057345
 638  25933556  7.99215132
 639   4880700  5.99060298
 640  26096772  7.99217589
 641   4911360  5.99063232
 642  26260500  7.99220030
 643   4942116  5.99066148
 644  26424740  7.99222456
 645   4972968  5.99069046
 646  26589492  7.99224866
 647   5003916  5.99071926
 648  26754756  7.99227262
 649   5034960  5.99074788
 650  26920532  7.99229643
 651   5066100  5.99077633
 652  27086820  7.99232010
 653   5097336  5.99080460
 654  27253620  7.99234362
 655   5128668  5.99083270
 656  27420932  7.99236700
 657   5160096  5.99086062
 658  27588756  7.99239023
 659   5191620  5.99088838
 660  27757092  7.99241332
 661   5223240  5.99091597
 662  27925940  7.99243628
 663   5254956  5.99094340
 664  28095300  7.99245909
 665   5286768  5.99097065
 666  28265172  7.99248177
 667   5318676  5.99099775
 668  28435556  7.99250431
 669   5350680  5.99102468
 670  28606452  7.99252672
 671   5382780  5.99105145
 672  28777860  7.99254899
 673   5414976  5.99107807
 674  28949780  7.99257113
 675   5447268  5.99110452
 676  29122212  7.99259314
 677   5479656  5.99113082
 678  29295156  7.99261502
 679   5512140  5.99115696
 680  29468612  7.99263677
 681   5544720  5.99118295
 682  29642580  7.99265840
 683   5577396  5.99120879
 684  29817060  7.99267989
 685   5610168  5.99123448
 686  29992052  7.99270126
 687   5643036  5.99126001
 688  30167556  7.99272251
 689   5676000  5.99128540
 690  30343572  7.99274363
 691   5709060  5.99131064
 692  30520100  7.99276463
 693   5742216  5.99133574
 694  30697140  7.99278551
 695   5775468  5.99136069
 696  30874692  7.99280627
 697   5808816  5.99138550
 698  31052756  7.99282691
 699   5842260  5.99141016
 700  31231332  7.99284744
 701   5875800  5.99143469
 702  31410420  7.99286784
 703   5909436  5.99145907
 704  31590020  7.99288813
 705   5943168  5.99148332
 706  31770132  7.99290830
 707   5976996  5.99150743
 708  31950756  7.99292836
 709   6010920  5.99153140
 710  32131892  7.99294831
 711   6044940  5.99155524
 712  32313540  7.99296815
 713   6079056  5.99157895
 714  32495700  7.99298787
 715   6113268  5.99160252
 716  32678372  7.99300748
 717   6147576  5.99162596
 718  32861556  7.99302699
 719   6181980  5.99164927
 720  33045252  7.99304638
 721   6216480  5.99167245
 722  33229460  7.99306567
 723   6251076  5.99169550
 724  33414180  7.99308485
 725   6285768  5.99171843
 726  33599412  7.99310392
 727   6320556  5.99174123
 728  33785156  7.99312289
 729   6355440  5.99176390
 730  33971412  7.99314176
 731   6390420  5.99178645
 732  34158180  7.99316052
 733   6425496  5.99180887
 734  34345460  7.99317918
 735   6460668  5.99183118
 736  34533252  7.99319774
 737   6495936  5.99185336
 738  34721556  7.99321620
 739   6531300  5.99187542
 740  34910372  7.99323456
 741   6566760  5.99189737
 742  35099700  7.99325282
 743   6602316  5.99191919
 744  35289540  7.99327098
 745   6637968  5.99194090
 746  35479892  7.99328904
 747   6673716  5.99196249
 748  35670756  7.99330701
 749   6709560  5.99198397
 750  35862132  7.99332488
 751   6745500  5.99200533
 752  36054020  7.99334265
 753   6781536  5.99202658
 754  36246420  7.99336033
 755   6817668  5.99204771
 756  36439332  7.99337792
 757   6853896  5.99206874
 758  36632756  7.99339542
 759   6890220  5.99208965
 760  36826692  7.99341282
 761   6926640  5.99211045
 762  37021140  7.99343013
 763   6963156  5.99213115
 764  37216100  7.99344735
 765   6999768  5.99215173
 766  37411572  7.99346448
 767   7036476  5.99217221
 768  37607556  7.99348152
 769   7073280  5.99219258
 770  37804052  7.99349847
 771   7110180  5.99221285
 772  38001060  7.99351534
 773   7147176  5.99223301
 774  38198580  7.99353211
 775   7184268  5.99225307
 776  38396612  7.99354880
 777   7221456  5.99227302
 778  38595156  7.99356541
 779   7258740  5.99229287
 780  38794212  7.99358193
 781   7296120  5.99231262
 782  38993780  7.99359836
 783   7333596  5.99233227
 784  39193860  7.99361471
 785   7371168  5.99235182
 786  39394452  7.99363098
 787   7408836  5.99237127
 788  39595556  7.99364716
 789   7446600  5.99239062
 790  39797172  7.99366327
 791   7484460  5.99240987
 792  39999300  7.99367929
 793   7522416  5.99242902
 794  40201940  7.99369523
 795   7560468  5.99244808
 796  40405092  7.99371109
 797   7598616  5.99246704
 798  40608756  7.99372687
 799   7636860  5.99248591
 800  40812932  7.99374257
 801   7675200  5.99250468
 802  41017620  7.99375819
 803   7713636  5.99252336
 804  41222820  7.99377374
 805   7752168  5.99254195
 806  41428532  7.99378921
 807   7790796  5.99256045
 808  41634756  7.99380460
 809   7829520  5.99257885
 810  41841492  7.99381991
 811   7868340  5.99259716
 812  42048740  7.99383515
 813   7907256  5.99261538
 814  42256500  7.99385032
 815   7946268  5.99263352
 816  42464772  7.99386541
 817   7985376  5.99265156
 818  42673556  7.99388042
 819   8024580  5.99266952
 820  42882852  7.99389537
 821   8063880  5.99268739
 822  43092660  7.99391024
 823   8103276  5.99270517
 824  43302980  7.99392504
 825   8142768  5.99272286
 826  43513812  7.99393976
 827   8182356  5.99274047
 828  43725156  7.99395442
 829   8222040  5.99275800
 830  43937012  7.99396900
 831   8261820  5.99277544
 832  44149380  7.99398351
 833   8301696  5.99279279
 834  44362260  7.99399796
 835   8341668  5.99281007
 836  44575652  7.99401233
 837   8381736  5.99282726
 838  44789556  7.99402664
 839   8421900  5.99284436
 840  45003972  7.99404088
 841   8462160  5.99286139
 842  45218900  7.99405505
 843   8502516  5.99287834
 844  45434340  7.99406915
 845   8542968  5.99289520
 846  45650292  7.99408319
 847   8583516  5.99291199
 848  45866756  7.99409716
 849   8624160  5.99292870
 850  46083732  7.99411107
 851   8664900  5.99294533
 852  46301220  7.99412490
 853   8705736  5.99296188
 854  46519220  7.99413868
 855   8746668  5.99297835
 856  46737732  7.99415239
 857   8787696  5.99299475
 858  46956756  7.99416603
 859   8828820  5.99301107
 860  47176292  7.99417962
 861   8870040  5.99302731
 862  47396340  7.99419314
 863   8911356  5.99304348
 864  47616900  7.99420659
 865   8952768  5.99305957
 866  47837972  7.99421999
 867   8994276  5.99307559
 868  48059556  7.99423332
 869   9035880  5.99309154
 870  48281652  7.99424659
 871   9077580  5.99310741
 872  48504260  7.99425980
 873   9119376  5.99312321
 874  48727380  7.99427295
 875   9161268  5.99313894
 876  48951012  7.99428604
 877   9203256  5.99315459
 878  49175156  7.99429907
 879   9245340  5.99317018
 880  49399812  7.99431204
 881   9287520  5.99318569
 882  49624980  7.99432495
 883   9329796  5.99320113
 884  49850660  7.99433781
 885   9372168  5.99321651
 886  50076852  7.99435060
 887   9414636  5.99323181
 888  50303556  7.99436334
 889   9457200  5.99324705
 890  50530772  7.99437602
 891   9499860  5.99326221
 892  50758500  7.99438864
 893   9542616  5.99327731
 894  50986740  7.99440121
 895   9585468  5.99329234
 896  51215492  7.99441372
 897   9628416  5.99330731
 898  51444756  7.99442617
 899   9671460  5.99332220
 900  51674532  7.99443857
 901   9714600  5.99333703
 902  51904820  7.99445092
 903   9757836  5.99335180
 904  52135620  7.99446321
 905   9801168  5.99336650
 906  52366932  7.99447544
 907   9844596  5.99338114
 908  52598756  7.99448762
 909   9888120  5.99339571
 910  52831092  7.99449975
 911   9931740  5.99341021
 912  53063940  7.99451183
 913   9975456  5.99342466
 914  53297300  7.99452385
 915  10019268  5.99343904
 916  53531172  7.99453582
 917  10063176  5.99345336
 918  53765556  7.99454773
 919  10107180  5.99346761
 920  54000452  7.99455960
 921  10151280  5.99348180
 922  54235860  7.99457141
 923  10195476  5.99349593
 924  54471780  7.99458318
 925  10239768  5.99351001
 926  54708212  7.99459489
 927  10284156  5.99352402
 928  54945156  7.99460655
 929  10328640  5.99353796
 930  55182612  7.99461816
 931  10373220  5.99355185
 932  55420580  7.99462972
 933  10417896  5.99356568
 934  55659060  7.99464123
 935  10462668  5.99357945
 936  55898052  7.99465269
 937  10507536  5.99359317
 938  56137556  7.99466411
 939  10552500  5.99360682
 940  56377572  7.99467547
 941  10597560  5.99362041
 942  56618100  7.99468679
 943  10642716  5.99363395
 944  56859140  7.99469805
 945  10687968  5.99364743
 946  57100692  7.99470927
 947  10733316  5.99366086
 948  57342756  7.99472045
 949  10778760  5.99367422
 950  57585332  7.99473157
 951  10824300  5.99368753
 952  57828420  7.99474265
 953  10869936  5.99370079
 954  58072020  7.99475369
 955  10915668  5.99371399
 956  58316132  7.99476467
 957  10961496  5.99372713
 958  58560756  7.99477561
 959  11007420  5.99374022
 960  58805892  7.99478651
 961  11053440  5.99375325
 962  59051540  7.99479736
 963  11099556  5.99376623
 964  59297700  7.99480816
 965  11145768  5.99377916
 966  59544372  7.99481892
 967  11192076  5.99379203
 968  59791556  7.99482964
 969  11238480  5.99380485
 970  60039252  7.99484031
 971  11284980  5.99381762
 972  60287460  7.99485093
 973  11331576  5.99383033
 974  60536180  7.99486152
 975  11378268  5.99384300
 976  60785412  7.99487206
 977  11425056  5.99385561
 978  61035156  7.99488255
 979  11471940  5.99386817
 980  61285412  7.99489301
 981  11518920  5.99388067
 982  61536180  7.99490342
 983  11565996  5.99389313
 984  61787460  7.99491379
 985  11613168  5.99390554
 986  62039252  7.99492412
 987  11660436  5.99391789
 988  62291556  7.99493440
 989  11707800  5.99393020
 990  62544372  7.99494464
 991  11755260  5.99394245
 992  62797700  7.99495485
 993  11802816  5.99395466
 994  63051540  7.99496501
 995  11850468  5.99396682
 996  63305892  7.99497513
 997  11898216  5.99397893
 998  63560756  7.99498521
 999  11946060  5.99399099
1000  63816132  7.99499525
